1 0.384884 0.154242 0.132558 0.185090
1 0.621705 0.332648 0.132558 0.185090
1 0.733721 0.261183 0.132558 0.185090
1 0.739535 0.424165 0.132558 0.185090
1 0.857752 0.541902 0.132558 0.185090
1 0.847674 0.351442 0.132558 0.185090
1 0.505814 0.429820 0.132558 0.185090
1 0.620930 0.522879 0.132558 0.185090
1 0.736047 0.622108 0.132558 0.185090
1 0.852875 0.712082 0.132558 0.185090
1 0.274031 0.603599 0.132558 0.185090
1 0.265116 0.430334 0.132558 0.185090
1 0.389535 0.523393 0.132558 0.185090
1 0.155039 0.882776 0.132558 0.185090
1 0.151098 0.171551 0.132558 0.185090
1 0.145736 0.337789 0.132558 0.185090
1 0.263953 0.092031 0.132558 0.184062
1 0.615504 0.152699 0.132558 0.185090
1 0.741473 0.801028 0.132558 0.185090
1 0.510853 0.795373 0.132558 0.185090
2 0.267700 0.258098 0.132558 0.185090
2 0.500000 0.249357 0.132558 0.185090
2 0.505814 0.610797 0.132558 0.185090
2 0.620155 0.714139 0.132558 0.185090
2 0.396512 0.697172 0.132558 0.185090
2 0.625581 0.878663 0.132558 0.185090
2 0.395736 0.887404 0.132558 0.185090
2 0.279845 0.799486 0.132558 0.185090
2 0.852326 0.162468 0.132558 0.185090
2 0.739535 0.092288 0.132558 0.184576
2 0.501938 0.091645 0.132558 0.183290
0 0.390698 0.340874 0.132558 0.185090
3 0.151130 0.709326 0.132558 0.185090
2 0.860465 0.893059 0.132558 0.185090
2 0.934044 0.091874 0.129974 0.183748
1 0.934141 0.263182 0.129780 0.185090
1 0.934248 0.447415 0.129565 0.185090
1 0.276561 0.941588 0.134733 0.114253
2 0.050291 0.258726 0.100581 0.173550
2 0.139793 0.528306 0.132558 0.185090
2 0.044186 0.436904 0.088372 0.162696
2 0.045349 0.604284 0.090698 0.171380
2 0.044961 0.792059 0.089922 0.161897
2 0.738749 0.954442 0.128876 0.088546
2 0.519326 0.954085 0.128876 0.089260
1 0.959464 0.915560 0.079134 0.166310
2 0.964847 0.789896 0.068368 0.175621
2 0.046899 0.084319 0.093798 0.168638
