1 0.211628 0.195373 0.116279 0.170694
1 0.212016 0.367609 0.116279 0.170694
1 0.334109 0.296144 0.116279 0.170694
1 0.452326 0.204113 0.116279 0.170694
1 0.342636 0.120308 0.116279 0.170694
1 0.569380 0.104370 0.116279 0.170694
1 0.681395 0.193316 0.116279 0.170694
1 0.684884 0.366581 0.116279 0.170694
1 0.801550 0.115167 0.116279 0.170694
1 0.801938 0.290488 0.116279 0.170694
1 0.916279 0.371208 0.116279 0.170694
1 0.915891 0.198972 0.116279 0.170694
1 0.452713 0.742416 0.116279 0.170694
1 0.563178 0.647301 0.116279 0.170694
1 0.213953 0.741388 0.116279 0.170694
1 0.331395 0.831362 0.116279 0.170694
1 0.440310 0.907969 0.116279 0.170694
1 0.094186 0.829306 0.116279 0.170694
1 0.208527 0.915167 0.116279 0.167095
1 0.094186 0.670694 0.116279 0.170694
4 0.106977 0.292802 0.116279 0.170694
1 0.103488 0.116452 0.116279 0.170694
3 0.093411 0.474293 0.116279 0.170694
5 0.337984 0.463496 0.116279 0.170694
5 0.446124 0.370437 0.116279 0.170694
5 0.445736 0.568380 0.116279 0.170694
5 0.215891 0.551414 0.116279 0.170694
5 0.683721 0.754499 0.116279 0.170694
5 0.793411 0.826992 0.116279 0.170694
0 0.565891 0.286889 0.116279 0.170694
3 0.564341 0.469666 0.116279 0.170694
3 0.681008 0.555527 0.116279 0.170694
3 0.800000 0.468638 0.116279 0.170694
3 0.913953 0.557069 0.116279 0.170694
3 0.560465 0.828535 0.116279 0.170694
3 0.332558 0.656298 0.116279 0.170694
1 0.921705 0.052956 0.120930 0.105913
1 0.681008 0.053213 0.120930 0.106427
1 0.453488 0.052956 0.120930 0.105913
3 0.218023 0.052571 0.118992 0.105141
1 0.556783 0.961568 0.121318 0.074293
3 0.677132 0.915167 0.116279 0.167095
2 0.915116 0.741645 0.116279 0.170694
2 0.801163 0.649100 0.116279 0.170694
3 0.917442 0.915296 0.116279 0.166838
1 0.343217 0.961440 0.121318 0.074550
1 0.017926 0.906298 0.035853 0.159640
1 0.018023 0.734062 0.036047 0.159640
5 0.020543 0.369537 0.041085 0.163753
2 0.099612 0.963111 0.124806 0.071208
2 0.020930 0.555141 0.041860 0.156555
1 0.018508 0.187532 0.037016 0.159640
1 0.989826 0.104627 0.018411 0.151671
