1 0.587597 0.174807 0.131783 0.170694
2 0.354070 0.353985 0.135271 0.182519
3 0.705233 0.253728 0.136822 0.183548
3 0.032461 0.434190 0.064922 0.174293
0 0.831977 0.892802 0.136822 0.181491
3 0.124225 0.163753 0.124419 0.179434
3 0.118411 0.546787 0.124419 0.179434
2 0.118605 0.347558 0.130233 0.178920
2 0.248450 0.456041 0.130233 0.178920
2 0.360465 0.532648 0.130233 0.178920
2 0.359302 0.711054 0.130233 0.178920
2 0.358915 0.163496 0.130233 0.178920
2 0.708140 0.432391 0.130233 0.178920
2 0.709302 0.807198 0.130233 0.178920
2 0.827519 0.342931 0.130233 0.178920
2 0.828682 0.525450 0.130233 0.178920
0 0.472674 0.260925 0.136822 0.181491
1 0.589535 0.357326 0.131783 0.170694
1 0.593023 0.527506 0.131783 0.170694
1 0.596124 0.712596 0.131783 0.170694
1 0.708915 0.619537 0.131783 0.170694
1 0.831008 0.705398 0.131783 0.170694
1 0.481783 0.441645 0.131783 0.170694
1 0.243411 0.624165 0.131783 0.170694
1 0.250775 0.796401 0.131783 0.170694
1 0.128682 0.719794 0.131783 0.170694
1 0.132946 0.893059 0.131783 0.170694
1 0.365891 0.893573 0.131783 0.170694
1 0.475194 0.622108 0.131783 0.170694
1 0.489535 0.804627 0.131783 0.170694
1 0.823256 0.161440 0.131783 0.170694
2 0.933333 0.088946 0.130233 0.177892
2 0.934981 0.276093 0.128101 0.178920
2 0.483721 0.088817 0.130233 0.177635
2 0.238372 0.262468 0.130233 0.178920
1 0.707171 0.079177 0.120543 0.158355
1 0.717248 0.947686 0.113566 0.102057
1 0.247674 0.947301 0.136434 0.102828
1 0.245736 0.944730 0.136434 0.102828
4 0.234690 0.089589 0.124419 0.179177
2 0.032558 0.066838 0.065116 0.133676
3 0.032946 0.264010 0.065116 0.174293
1 0.029070 0.811568 0.058140 0.174293
1 0.029264 0.951157 0.058527 0.095116
1 0.947965 0.444730 0.102132 0.159383
1 0.948934 0.616967 0.100194 0.159383
1 0.948353 0.795373 0.101357 0.159383
1 0.955329 0.945630 0.087403 0.106170
2 0.596512 0.898201 0.130233 0.178920
