1 0.150388 0.243702 0.131783 0.170694
0 0.149225 0.422108 0.131783 0.170694
3 0.145543 0.785347 0.129845 0.155784
5 0.389535 0.783033 0.131783 0.170694
2 0.500388 0.698715 0.131783 0.170694
1 0.143798 0.603085 0.131783 0.170694
1 0.271318 0.700257 0.131783 0.170694
1 0.267829 0.511568 0.131783 0.170694
1 0.265116 0.167609 0.131783 0.170694
1 0.377907 0.084576 0.131783 0.169152
1 0.382946 0.426735 0.131783 0.170694
1 0.385659 0.602057 0.131783 0.170694
1 0.506977 0.516195 0.131783 0.170694
1 0.495736 0.352185 0.131783 0.170694
1 0.493798 0.155270 0.131783 0.170694
1 0.617442 0.084576 0.131783 0.169152
1 0.618605 0.241645 0.131783 0.170694
1 0.615891 0.426221 0.131783 0.170694
1 0.622481 0.788689 0.131783 0.170694
1 0.739147 0.692545 0.131783 0.170694
1 0.737209 0.508997 0.131783 0.170694
1 0.736047 0.341902 0.131783 0.170694
1 0.741085 0.164524 0.131783 0.170694
1 0.845349 0.084833 0.131783 0.169666
1 0.848062 0.246272 0.131783 0.170694
1 0.856202 0.433933 0.131783 0.170694
1 0.855039 0.611311 0.131783 0.170694
1 0.860078 0.800000 0.131783 0.170694
1 0.738760 0.881748 0.131783 0.170694
0 0.624806 0.613882 0.131783 0.170694
1 0.501163 0.880206 0.131783 0.170694
1 0.953779 0.156812 0.090504 0.173779
1 0.953876 0.341388 0.090310 0.173779
1 0.953295 0.531105 0.091473 0.173779
1 0.953876 0.713625 0.090310 0.173779
1 0.954070 0.891003 0.089922 0.173779
1 0.046415 0.335219 0.092829 0.173779
1 0.046609 0.154756 0.093217 0.173779
1 0.141182 0.075064 0.133140 0.150129
1 0.257267 0.031362 0.121124 0.062725
1 0.496415 0.031748 0.121124 0.063496
2 0.275969 0.869923 0.131783 0.170694
2 0.041085 0.509254 0.082171 0.168123
3 0.048159 0.691260 0.096318 0.155784
1 0.044186 0.873008 0.088372 0.180977
5 0.148450 0.939460 0.124806 0.118509
5 0.389147 0.939203 0.124806 0.119023
0 0.729651 0.030334 0.122093 0.060668
2 0.384884 0.248329 0.112403 0.165553
2 0.264922 0.329306 0.117442 0.150643
