2 0.448450 0.198972 0.141860 0.190231
2 0.576744 0.294087 0.141860 0.190231
2 0.575581 0.120823 0.141860 0.190231
2 0.207752 0.381491 0.141860 0.190231
2 0.092636 0.116710 0.141860 0.190231
2 0.209302 0.205656 0.141860 0.190231
2 0.329070 0.298715 0.141860 0.190231
0 0.087597 0.841131 0.141860 0.190231
1 0.798062 0.458098 0.141860 0.190231
1 0.929554 0.558355 0.138953 0.190231
1 0.921318 0.369666 0.141860 0.190231
1 0.923256 0.199486 0.141860 0.190231
1 0.683333 0.184576 0.141860 0.190231
1 0.804154 0.111993 0.141860 0.190231
1 0.694961 0.385347 0.141860 0.190231
4 0.336822 0.655527 0.141860 0.190231
4 0.559690 0.479177 0.141860 0.190231
5 0.083333 0.488946 0.141860 0.190231
0 0.809302 0.283805 0.141860 0.190231
5 0.220543 0.905527 0.141860 0.186375
5 0.087597 0.289974 0.141860 0.190231
3 0.443023 0.749100 0.141860 0.190231
3 0.203918 0.748933 0.141860 0.190231
3 0.322868 0.834447 0.141860 0.190231
1 0.565891 0.648843 0.141860 0.190231
1 0.691085 0.548586 0.141860 0.190231
1 0.810078 0.660154 0.141860 0.190231
1 0.799612 0.832391 0.141860 0.190231
1 0.919380 0.740360 0.141860 0.190231
1 0.924419 0.905527 0.141860 0.186375
1 0.693023 0.730077 0.141860 0.190231
1 0.554651 0.829306 0.141860 0.190231
1 0.331008 0.481234 0.141860 0.190231
1 0.681783 0.905913 0.141860 0.185604
1 0.450885 0.553180 0.141860 0.190231
4 0.089147 0.663239 0.141860 0.190231
3 0.211240 0.579434 0.141860 0.190231
3 0.447337 0.386856 0.141860 0.190231
3 0.340234 0.128535 0.141860 0.190231
1 0.929360 0.044730 0.138178 0.089460
2 0.671899 0.044730 0.144574 0.089460
2 0.447481 0.045116 0.144574 0.090231
3 0.212365 0.050386 0.144262 0.100771
1 0.447868 0.925064 0.142248 0.147301
2 0.564729 0.968252 0.129457 0.060925
0 0.086323 0.964860 0.132087 0.067710
