1 0.453488 0.517224 0.131783 0.176864
1 0.565504 0.428278 0.131783 0.176864
1 0.566667 0.603599 0.131783 0.176864
1 0.567829 0.790231 0.131783 0.176864
1 0.449612 0.689974 0.131783 0.176864
1 0.443798 0.878663 0.131783 0.176864
1 0.330233 0.784576 0.131783 0.176864
1 0.333721 0.604113 0.131783 0.176864
1 0.203876 0.679692 0.131783 0.176864
1 0.214341 0.868380 0.131783 0.176864
1 0.090698 0.603599 0.131783 0.176864
1 0.084884 0.421080 0.131783 0.176864
1 0.211628 0.335219 0.131783 0.176864
1 0.208140 0.510540 0.131783 0.176864
1 0.327132 0.234447 0.131783 0.176864
1 0.444574 0.338817 0.131783 0.176864
1 0.568992 0.249871 0.131783 0.176864
1 0.691085 0.339846 0.131783 0.176864
1 0.444186 0.154242 0.131783 0.176864
1 0.684884 0.155784 0.131783 0.176864
1 0.804651 0.247815 0.131783 0.176864
1 0.802907 0.083933 0.118992 0.161697
1 0.923256 0.152956 0.131783 0.176864
1 0.924419 0.522622 0.131783 0.176864
1 0.924806 0.705141 0.131783 0.176864
1 0.806589 0.601799 0.131783 0.176864
1 0.682171 0.890231 0.131783 0.176864
1 0.081783 0.087404 0.131783 0.174807
1 0.207752 0.156812 0.131783 0.176864
2 0.568798 0.072622 0.132171 0.145244
2 0.680620 0.518509 0.131783 0.176864
2 0.093411 0.780206 0.131783 0.176864
3 0.084109 0.236504 0.131783 0.176864
3 0.680620 0.705913 0.131783 0.176864
3 0.801163 0.784576 0.131783 0.176864
0 0.329457 0.420823 0.131783 0.176864
2 0.924806 0.337532 0.131783 0.176864
0 0.808140 0.420308 0.131783 0.176864
2 0.927519 0.875835 0.131783 0.176864
1 0.927326 0.028792 0.114341 0.057584
2 0.088372 0.940360 0.128682 0.116710
1 0.572868 0.943059 0.108527 0.111311
1 0.331395 0.943059 0.108527 0.111311
1 0.326938 0.068895 0.122868 0.137789
4 0.799806 0.942545 0.123643 0.112339
