3 0.179070 0.244730 0.145736 0.178920
2 0.424225 0.084062 0.122868 0.168123
2 0.540310 0.345501 0.145736 0.178920
2 0.543023 0.536247 0.145736 0.178920
2 0.668992 0.631362 0.145736 0.178920
2 0.315891 0.533162 0.145736 0.178920
2 0.307752 0.712596 0.145736 0.178920
5 0.429845 0.618509 0.145736 0.178920
1 0.781008 0.542416 0.145736 0.178920
1 0.784496 0.731105 0.145736 0.178920
1 0.904264 0.632905 0.145736 0.178920
1 0.903876 0.813368 0.145736 0.178920
1 0.785659 0.898201 0.145736 0.178920
1 0.665891 0.817481 0.145736 0.178920
2 0.541473 0.723393 0.145736 0.178920
2 0.541085 0.900771 0.145736 0.178920
2 0.780233 0.344987 0.145736 0.178920
2 0.899225 0.451414 0.145736 0.178920
2 0.423643 0.431362 0.145736 0.178920
2 0.302326 0.338303 0.145736 0.178920
2 0.666279 0.088946 0.145736 0.177892
3 0.186434 0.797429 0.145736 0.178920
3 0.186822 0.614910 0.145736 0.178920
3 0.182558 0.431362 0.145736 0.178920
3 0.305426 0.883290 0.145736 0.178920
4 0.428682 0.806170 0.145736 0.178920
0 0.071996 0.523393 0.143992 0.178920
2 0.887597 0.271465 0.145736 0.178920
4 0.899612 0.089974 0.145736 0.178920
3 0.663566 0.264267 0.145736 0.178920
3 0.550194 0.161697 0.137597 0.177378
3 0.773643 0.166581 0.145736 0.178920
3 0.308915 0.155784 0.145736 0.178920
3 0.660853 0.446787 0.145736 0.178920
3 0.072674 0.328535 0.145349 0.178920
3 0.072481 0.698201 0.144961 0.178920
3 0.072287 0.142416 0.144574 0.178920
2 0.424806 0.256041 0.145736 0.178920
2 0.177326 0.085733 0.122868 0.169923
2 0.061240 0.880077 0.122481 0.169923
4 0.184302 0.944602 0.126744 0.108226
4 0.412597 0.944602 0.126744 0.108226
3 0.547868 0.032391 0.122868 0.064781
3 0.300969 0.032262 0.122868 0.064524
1 0.672674 0.954370 0.129845 0.088689
1 0.919574 0.954242 0.129845 0.088946
3 0.060950 0.033033 0.121899 0.066067
