2 0.212791 0.210283 0.140310 0.194344
2 0.438760 0.199486 0.140310 0.194344
2 0.679457 0.222622 0.140310 0.194344
2 0.804651 0.308483 0.140310 0.194344
2 0.221318 0.903085 0.140310 0.191260
2 0.797674 0.477121 0.140310 0.194344
2 0.696512 0.583548 0.140310 0.194344
2 0.561240 0.490488 0.140310 0.194344
2 0.574031 0.674036 0.140310 0.194344
2 0.460465 0.577892 0.140310 0.194344
2 0.338372 0.857069 0.140310 0.194344
2 0.913953 0.389717 0.140310 0.194344
2 0.677907 0.398458 0.140310 0.194344
1 0.234109 0.570694 0.140310 0.194344
1 0.337597 0.486889 0.140310 0.194344
1 0.326357 0.302314 0.140310 0.194344
1 0.219767 0.390231 0.140310 0.194344
1 0.103876 0.294087 0.140310 0.194344
1 0.109690 0.468380 0.140310 0.194344
1 0.097674 0.651928 0.140310 0.194344
1 0.701938 0.773779 0.140310 0.194344
1 0.796124 0.849357 0.140310 0.194344
1 0.929360 0.764524 0.139341 0.194344
3 0.555814 0.293059 0.140310 0.194344
3 0.555426 0.128021 0.140310 0.194344
3 0.325581 0.113111 0.140310 0.194344
3 0.333721 0.665810 0.140310 0.194344
3 0.448837 0.750643 0.140310 0.194344
3 0.446899 0.748072 0.140310 0.194344
3 0.094961 0.103342 0.140310 0.194344
1 0.101163 0.836504 0.140310 0.194344
1 0.220155 0.750643 0.140310 0.194344
1 0.580620 0.855527 0.140310 0.194344
2 0.792248 0.117224 0.140310 0.194344
3 0.915116 0.204113 0.140310 0.194344
3 0.803876 0.676607 0.140310 0.194344
2 0.450775 0.405656 0.140310 0.194344
2 0.928682 0.565553 0.140310 0.194344
1 0.927347 0.096844 0.140310 0.193688
2 0.678338 0.096487 0.140310 0.192973
1 0.212446 0.096701 0.140310 0.193402
1 0.464169 0.096415 0.140310 0.192831
1 0.461800 0.903413 0.140310 0.190603
1 0.691344 0.903413 0.140310 0.190603
1 0.930211 0.903485 0.137640 0.190460
