4 0.198450 0.258612 0.131783 0.194344
4 0.070930 0.338303 0.131783 0.194344
4 0.077519 0.522879 0.131783 0.194344
4 0.065213 0.898715 0.130426 0.194344
0 0.206008 0.614396 0.131783 0.194344
5 0.318023 0.531620 0.131783 0.194344
5 0.320736 0.172237 0.131783 0.194344
5 0.081589 0.163496 0.131783 0.194344
5 0.316860 0.718252 0.131783 0.194344
3 0.441279 0.429820 0.131783 0.194344
3 0.443992 0.616452 0.131783 0.194344
3 0.444380 0.785604 0.131783 0.194344
3 0.565310 0.874036 0.131783 0.194344
3 0.065795 0.698201 0.131589 0.194344
3 0.313372 0.896144 0.131783 0.194344
2 0.562209 0.520308 0.131783 0.194344
2 0.562597 0.342931 0.131783 0.194344
2 0.680039 0.426735 0.131783 0.194344
2 0.680426 0.232905 0.131783 0.194344
2 0.807171 0.336247 0.131783 0.194344
2 0.805233 0.164010 0.131783 0.194344
2 0.913372 0.424679 0.131783 0.194344
2 0.912209 0.601028 0.131783 0.194344
2 0.790891 0.870951 0.131783 0.194344
2 0.912984 0.796401 0.131783 0.194344
2 0.558333 0.160411 0.131783 0.194344
2 0.442054 0.252956 0.131783 0.194344
2 0.564535 0.684833 0.131783 0.194344
1 0.914922 0.096401 0.131783 0.192802
1 0.916860 0.243188 0.131783 0.194344
1 0.195058 0.079692 0.123062 0.159383
1 0.444477 0.078663 0.120349 0.157326
3 0.196318 0.797943 0.131783 0.194344
2 0.685174 0.070951 0.127326 0.141902
3 0.694477 0.948201 0.117636 0.101028
2 0.797965 0.516710 0.123450 0.163496
2 0.679748 0.606684 0.123450 0.163496
2 0.680136 0.790231 0.123450 0.163496
2 0.794477 0.684833 0.123450 0.163496
4 0.202519 0.430591 0.117442 0.173265
3 0.320833 0.357841 0.128876 0.185090
4 0.198740 0.946658 0.129264 0.104113
3 0.436337 0.949614 0.133140 0.098201
2 0.912500 0.947686 0.128876 0.102057
