0 0.250775 0.225193 0.146512 0.195373
2 0.883721 0.344987 0.146512 0.195373
3 0.513953 0.234961 0.146512 0.195373
4 0.756589 0.788175 0.146512 0.195373
5 0.637209 0.338817 0.146512 0.195373
0 0.110853 0.121851 0.146512 0.195373
0 0.112016 0.314653 0.146512 0.195373
0 0.119380 0.502314 0.146512 0.195373
0 0.247674 0.787661 0.146512 0.195373
0 0.381395 0.506427 0.146512 0.195373
3 0.501163 0.405141 0.146512 0.195373
3 0.388566 0.135476 0.119767 0.164010
3 0.246899 0.405141 0.146512 0.195373
3 0.253488 0.600000 0.146512 0.195373
3 0.124419 0.677635 0.146512 0.195373
3 0.128682 0.875578 0.146512 0.195373
3 0.396512 0.861697 0.146512 0.195373
2 0.885659 0.524422 0.146512 0.195373
2 0.882171 0.722365 0.146512 0.195373
2 0.761628 0.614910 0.146512 0.195373
2 0.764341 0.440617 0.146512 0.195373
2 0.765504 0.253985 0.146512 0.195373
2 0.640504 0.155527 0.129070 0.162982
2 0.642248 0.515167 0.146512 0.195373
2 0.643411 0.712082 0.146512 0.195373
2 0.636047 0.879177 0.146512 0.195373
2 0.517829 0.797429 0.146512 0.195373
2 0.375581 0.320823 0.146512 0.195373
3 0.519380 0.597943 0.146512 0.195373
2 0.758140 0.097429 0.146512 0.194859
2 0.877907 0.162468 0.146512 0.195373
3 0.257558 0.944087 0.143023 0.109254
2 0.513566 0.945501 0.121705 0.106427
2 0.765891 0.945758 0.121705 0.105913
4 0.878295 0.891902 0.136434 0.169923
3 0.515698 0.068895 0.142248 0.137789
3 0.254070 0.068895 0.142248 0.137789
2 0.645543 0.032391 0.113566 0.064781
2 0.889341 0.032648 0.113566 0.065296
3 0.972287 0.428792 0.053488 0.160411
3 0.971705 0.612339 0.054651 0.160411
3 0.973159 0.945116 0.051744 0.107198
0 0.968120 0.799486 0.061822 0.171722
2 0.973934 0.246015 0.050194 0.171208
0 0.020155 0.064781 0.040310 0.129563
0 0.024419 0.229563 0.048837 0.178406
3 0.021705 0.413882 0.043411 0.157326
3 0.021705 0.596401 0.043411 0.157326
3 0.024516 0.922365 0.044767 0.152699
3 0.022190 0.769923 0.044380 0.157326
3 0.382461 0.017995 0.109496 0.035990
3 0.640116 0.990874 0.114341 0.015681
3 0.390601 0.982134 0.109496 0.033162
