2 0.538372 0.182005 0.129457 0.172751
2 0.774419 0.543445 0.129457 0.172751
2 0.655426 0.633419 0.129457 0.172751
2 0.782946 0.730591 0.129457 0.172751
2 0.776357 0.914267 0.129457 0.168895
2 0.899225 0.820051 0.129457 0.172751
2 0.422093 0.452442 0.129457 0.172751
2 0.307752 0.183548 0.129457 0.172751
2 0.418992 0.085861 0.129457 0.171722
2 0.772093 0.182519 0.129457 0.172751
2 0.180233 0.637532 0.129457 0.172751
2 0.186822 0.459126 0.129457 0.172751
2 0.301938 0.547044 0.129457 0.172751
2 0.183721 0.813882 0.129457 0.172751
2 0.064244 0.896658 0.128488 0.172751
2 0.549419 0.914396 0.129457 0.168638
1 0.303295 0.727763 0.129457 0.172751
3 0.654845 0.453728 0.129457 0.172751
1 0.894380 0.637789 0.129457 0.172751
1 0.305233 0.906170 0.129457 0.172751
1 0.068411 0.357584 0.129457 0.172751
1 0.064244 0.726221 0.128488 0.172751
1 0.066473 0.186889 0.129457 0.172751
1 0.183915 0.089717 0.129457 0.172751
1 0.419961 0.271208 0.129457 0.172751
1 0.778488 0.369409 0.129457 0.172751
1 0.657171 0.085990 0.129457 0.171979
1 0.888566 0.094344 0.129457 0.172751
2 0.544961 0.366581 0.129457 0.172751
2 0.538372 0.536761 0.129457 0.172751
2 0.654264 0.276093 0.129457 0.172751
2 0.882558 0.441131 0.129457 0.172751
3 0.417248 0.630077 0.129457 0.172751
3 0.423837 0.815681 0.129457 0.172751
3 0.304070 0.366838 0.129457 0.172751
3 0.188953 0.276864 0.129457 0.172751
3 0.063857 0.542674 0.127713 0.172751
3 0.543992 0.723136 0.129457 0.172751
3 0.658333 0.817224 0.129457 0.172751
3 0.884302 0.266581 0.129457 0.172751
1 0.281277 0.039075 0.116516 0.078149
1 0.049612 0.045758 0.099225 0.091517
1 0.772330 0.040917 0.120500 0.081834
1 0.974483 0.180691 0.049096 0.160583
3 0.971738 0.374636 0.054587 0.168580
3 0.971899 0.537732 0.054264 0.168580
3 0.971253 0.732248 0.055556 0.168580
3 0.971361 0.916095 0.055340 0.165239
