3 0.110078 0.251414 0.127132 0.161440
3 0.101938 0.423136 0.139535 0.183033
4 0.102132 0.773522 0.126744 0.179434
4 0.224031 0.891517 0.139535 0.183033
2 0.224806 0.523393 0.139535 0.183033
2 0.216667 0.346015 0.139535 0.183033
2 0.222868 0.164010 0.127907 0.167609
2 0.352326 0.252442 0.139535 0.183033
2 0.339535 0.427763 0.139535 0.183033
2 0.344574 0.615424 0.139535 0.183033
2 0.475969 0.708483 0.139535 0.183033
2 0.587209 0.620566 0.139535 0.183033
1 0.456977 0.349100 0.139535 0.183033
3 0.457364 0.881234 0.127132 0.166581
1 0.460465 0.526478 0.139535 0.183033
1 0.593411 0.090617 0.139535 0.181234
1 0.582946 0.249614 0.139535 0.183033
1 0.696512 0.347815 0.139535 0.183033
1 0.702326 0.530334 0.139535 0.183033
1 0.708140 0.703599 0.139535 0.183033
1 0.827907 0.620823 0.139535 0.183033
1 0.819767 0.437275 0.139535 0.183033
1 0.826357 0.269152 0.139535 0.183033
2 0.585659 0.438560 0.139535 0.183033
2 0.711628 0.159383 0.139535 0.183033
2 0.589535 0.795373 0.139535 0.183033
1 0.822868 0.788946 0.139535 0.183033
2 0.463953 0.160925 0.139535 0.183033
2 0.944089 0.168895 0.109884 0.169152
2 0.944380 0.337018 0.109302 0.169152
2 0.943992 0.514396 0.110078 0.169152
2 0.587597 0.950257 0.133333 0.096915
1 0.942926 0.696530 0.112209 0.179692
1 0.943411 0.903728 0.111240 0.179692
2 0.350969 0.943573 0.117442 0.110283
1 0.823159 0.943059 0.119186 0.111311
1 0.701938 0.885733 0.118605 0.169923
1 0.345736 0.788560 0.118605 0.169923
2 0.236047 0.727506 0.139535 0.183033
2 0.099612 0.606170 0.129457 0.163496
2 0.024031 0.512853 0.048062 0.150643
2 0.024322 0.688175 0.048643 0.150643
2 0.021705 0.875835 0.043411 0.156812
2 0.024225 0.153985 0.048450 0.150643
4 0.017442 0.325193 0.034884 0.172237
2 0.106977 0.083033 0.127907 0.166067
2 0.350775 0.083162 0.127907 0.166324
2 0.821705 0.083290 0.127907 0.166581
