0 0.079845 0.102314 0.142636 0.186118
1 0.071705 0.282776 0.142636 0.186118
2 0.327132 0.461183 0.142636 0.186118
2 0.207364 0.368123 0.142636 0.186118
2 0.443411 0.392288 0.142636 0.186118
2 0.444574 0.212853 0.142636 0.186118
2 0.435659 0.571208 0.142636 0.186118
2 0.437597 0.728021 0.142636 0.186118
2 0.561240 0.643188 0.142636 0.186118
2 0.554651 0.462725 0.142636 0.186118
2 0.559690 0.831362 0.142636 0.186118
2 0.684109 0.743445 0.142636 0.186118
2 0.673643 0.573265 0.142636 0.186118
2 0.674806 0.379434 0.142636 0.186118
2 0.803876 0.482776 0.142636 0.186118
2 0.792636 0.653985 0.142636 0.186118
2 0.788372 0.824165 0.142636 0.186118
2 0.902713 0.735219 0.142636 0.186118
2 0.903101 0.546530 0.142636 0.186118
2 0.564729 0.296144 0.142636 0.186118
2 0.560465 0.104370 0.142636 0.186118
2 0.324419 0.820566 0.142636 0.186118
2 0.443798 0.909254 0.121705 0.144473
3 0.070930 0.451928 0.141860 0.186118
3 0.071705 0.649871 0.142636 0.186118
3 0.073643 0.810797 0.142636 0.186118
3 0.206589 0.546015 0.142636 0.186118
3 0.198450 0.734704 0.142636 0.186118
3 0.198837 0.907198 0.142636 0.183033
3 0.327132 0.270694 0.142636 0.186118
3 0.209690 0.201285 0.142636 0.186118
3 0.327907 0.086118 0.133333 0.172237
1 0.793023 0.286375 0.142636 0.186118
1 0.905814 0.188175 0.142636 0.186118
1 0.919380 0.363496 0.142636 0.186118
2 0.803101 0.108483 0.142636 0.186118
3 0.669767 0.191517 0.142636 0.186118
2 0.680620 0.916967 0.121705 0.144473
1 0.915116 0.916452 0.121705 0.164524
1 0.674225 0.037018 0.124419 0.074036
2 0.916667 0.037532 0.121705 0.075064
2 0.440310 0.037275 0.121705 0.074550
3 0.200581 0.049871 0.124419 0.099743
2 0.320930 0.961568 0.106977 0.074293
1 0.562984 0.956812 0.102713 0.083805
1 0.799806 0.957326 0.102713 0.082776
3 0.078585 0.957455 0.135465 0.082519
