5 0.096512 0.132134 0.140310 0.171722
5 0.100000 0.672494 0.140310 0.171722
5 0.102713 0.852956 0.140310 0.171722
5 0.091860 0.313111 0.140310 0.171722
3 0.098450 0.489460 0.140310 0.171722
2 0.221705 0.761954 0.140310 0.171722
2 0.215891 0.585604 0.140310 0.171722
1 0.460465 0.409254 0.140310 0.171722
1 0.346899 0.675064 0.140310 0.171722
1 0.826357 0.682776 0.140310 0.171722
1 0.693411 0.595887 0.140310 0.171722
1 0.810853 0.518252 0.140310 0.171722
1 0.826744 0.149614 0.140310 0.171722
1 0.698450 0.238560 0.140310 0.171722
1 0.929942 0.601028 0.138178 0.171722
1 0.930233 0.773265 0.137597 0.171722
1 0.824225 0.859126 0.140310 0.171722
1 0.929457 0.240617 0.139147 0.171722
1 0.469961 0.914653 0.140310 0.168123
1 0.704457 0.085347 0.140310 0.170694
1 0.930039 0.084961 0.137984 0.169923
0 0.930620 0.416452 0.136822 0.171722
2 0.462791 0.584062 0.140310 0.171722
2 0.458527 0.768638 0.140310 0.171722
2 0.575969 0.682776 0.140310 0.171722
2 0.580233 0.862211 0.140310 0.171722
2 0.699225 0.777378 0.140310 0.171722
2 0.577907 0.504370 0.140310 0.171722
2 0.574419 0.324936 0.140310 0.171722
2 0.694186 0.422108 0.140310 0.171722
2 0.815504 0.332134 0.140310 0.171722
2 0.345349 0.509512 0.140310 0.171722
2 0.220930 0.407198 0.140310 0.171722
2 0.346899 0.324422 0.140310 0.171722
2 0.461240 0.228278 0.140310 0.171722
2 0.222093 0.224679 0.140310 0.171722
3 0.335271 0.131105 0.140310 0.171722
0 0.353682 0.856041 0.140310 0.171722
2 0.574031 0.148586 0.140310 0.171722
0 0.217539 0.058098 0.133915 0.116195
2 0.453876 0.065296 0.134109 0.130591
1 0.683818 0.934447 0.125775 0.128535
2 0.218023 0.921465 0.139922 0.154499
2 0.934787 0.937918 0.128488 0.121594
1 0.818798 0.030206 0.122093 0.060411
5 0.091279 0.020051 0.130620 0.040103
