1 0.517147 0.190986 0.128497 0.180228
1 0.742711 0.191209 0.128497 0.180228
0 0.736392 0.551665 0.128497 0.180228
2 0.740605 0.370040 0.128497 0.180228
3 0.374073 0.821309 0.128497 0.180228
1 0.618428 0.266654 0.128497 0.180228
1 0.503792 0.361881 0.128497 0.180228
1 0.620871 0.454314 0.128497 0.180228
1 0.389324 0.454538 0.128497 0.180228
1 0.612782 0.630798 0.128497 0.180228
1 0.498146 0.526238 0.128497 0.180228
1 0.614173 0.814267 0.128497 0.180228
1 0.732305 0.719487 0.128497 0.180228
1 0.858864 0.813317 0.128497 0.180228
1 0.864299 0.650078 0.128497 0.180228
1 0.863414 0.453308 0.128497 0.180228
1 0.860423 0.256539 0.128497 0.180228
1 0.860650 0.089594 0.128497 0.179189
1 0.629761 0.089863 0.128497 0.179725
1 0.387344 0.089946 0.128497 0.179893
1 0.266052 0.367581 0.128497 0.180228
1 0.269380 0.557813 0.128497 0.180228
1 0.381193 0.622304 0.128497 0.180228
1 0.159125 0.460462 0.128497 0.180228
1 0.145602 0.633928 0.128497 0.180228
1 0.267947 0.740332 0.128497 0.180228
1 0.262850 0.909104 0.128497 0.179222
1 0.266178 0.194507 0.128497 0.180228
1 0.146276 0.089974 0.128497 0.179949
3 0.152604 0.281586 0.128497 0.180228
3 0.500800 0.910976 0.128497 0.175478
1 0.501475 0.726249 0.128497 0.180228
1 0.738625 0.910668 0.128497 0.176093
1 0.956492 0.914781 0.085078 0.167866
0 0.961143 0.183872 0.075775 0.170314
1 0.044574 0.353554 0.089147 0.168984
1 0.046124 0.551755 0.092248 0.157159
1 0.049381 0.723874 0.098761 0.148005
3 0.145003 0.815653 0.128497 0.180228
3 0.044186 0.185649 0.088372 0.161350
1 0.043798 0.909210 0.087597 0.174382
1 0.956298 0.736565 0.085465 0.172359
1 0.956589 0.558159 0.084884 0.172359
1 0.956105 0.371527 0.085853 0.172359
1 0.956298 0.044987 0.085465 0.089974
1 0.745353 0.046787 0.117046 0.093573
1 0.512407 0.047172 0.117046 0.094344
1 0.268609 0.047686 0.117046 0.095373
1 0.619384 0.952705 0.117046 0.092020
1 0.376361 0.953219 0.117046 0.090991
1 0.137214 0.952576 0.117046 0.092277
