5 0.379070 0.182519 0.147287 0.198458
5 0.515891 0.099100 0.147287 0.198201
5 0.511628 0.272237 0.147287 0.198458
5 0.612016 0.190488 0.147287 0.198458
5 0.631008 0.355527 0.147287 0.198458
5 0.631395 0.524679 0.147287 0.198458
5 0.504651 0.439846 0.147287 0.198458
5 0.511628 0.803856 0.147287 0.198458
5 0.623643 0.901799 0.147287 0.193830
5 0.748837 0.823393 0.147287 0.198458
5 0.376357 0.724165 0.147287 0.198458
5 0.379845 0.539589 0.147287 0.198458
5 0.374806 0.346787 0.147287 0.198458
5 0.247287 0.461440 0.147287 0.198458
1 0.876357 0.183290 0.147287 0.198458
1 0.231783 0.270180 0.147287 0.198458
1 0.092636 0.161697 0.147287 0.198458
1 0.236434 0.098715 0.147287 0.197429
1 0.260078 0.808226 0.147287 0.198458
1 0.403101 0.901285 0.147287 0.194859
3 0.109302 0.546787 0.147287 0.198458
0 0.108527 0.727763 0.147287 0.198458
2 0.751938 0.442931 0.147287 0.198458
4 0.757364 0.628021 0.147287 0.198458
1 0.634884 0.718252 0.147287 0.198458
2 0.870155 0.529820 0.147287 0.198458
2 0.742248 0.098586 0.147287 0.197172
4 0.505039 0.635733 0.147287 0.198458
4 0.254264 0.634190 0.147287 0.198458
3 0.096512 0.362211 0.147287 0.198458
2 0.752326 0.270694 0.147287 0.198458
0 0.877132 0.370437 0.147287 0.198458
0 0.869767 0.728792 0.147287 0.198458
2 0.878295 0.901414 0.147287 0.194602
1 0.966764 0.085347 0.064535 0.170694
1 0.967345 0.455784 0.063372 0.171208
1 0.101744 0.037018 0.145349 0.074036
1 0.381977 0.037147 0.145349 0.074293
2 0.635659 0.037532 0.125581 0.075064
3 0.105039 0.901671 0.147287 0.194087
3 0.245736 0.955398 0.145736 0.086632
5 0.504457 0.957455 0.140698 0.082519
1 0.874031 0.047301 0.129457 0.094602
0 0.969380 0.267481 0.059302 0.189460
3 0.967345 0.627378 0.063372 0.158612
3 0.967248 0.808869 0.063566 0.158612
4 0.969283 0.949229 0.059496 0.098972
