4 0.505814 0.689974 0.135659 0.199486
2 0.400210 0.603060 0.135659 0.199486
2 0.278682 0.854499 0.135659 0.199486
2 0.146321 0.785986 0.135659 0.199486
2 0.394574 0.791260 0.135659 0.199486
2 0.375483 0.418533 0.135659 0.199486
5 0.751828 0.508759 0.135659 0.199486
4 0.366398 0.212213 0.135659 0.199486
2 0.878682 0.806170 0.135659 0.199486
2 0.750388 0.891003 0.135659 0.199486
0 0.868605 0.622108 0.135659 0.199486
3 0.632946 0.247815 0.135659 0.199486
5 0.852743 0.233185 0.135659 0.199486
3 0.519177 0.879307 0.135659 0.199486
3 0.501066 0.138496 0.135659 0.199486
3 0.746124 0.338303 0.135659 0.199486
3 0.747287 0.149614 0.135659 0.199486
3 0.492144 0.298885 0.135659 0.199486
2 0.755627 0.704357 0.135659 0.199486
2 0.626883 0.614510 0.135659 0.199486
2 0.624161 0.419944 0.135659 0.199486
2 0.861068 0.437989 0.135659 0.199486
2 0.631836 0.792459 0.135659 0.199486
2 0.632844 0.948229 0.139336 0.100971
2 0.267788 0.695892 0.135659 0.199486
2 0.503084 0.515354 0.135659 0.199486
3 0.154493 0.396831 0.135659 0.199486
3 0.292213 0.507130 0.135659 0.199486
2 0.853646 0.069392 0.141863 0.138785
2 0.613950 0.069498 0.141863 0.138996
2 0.381577 0.069489 0.141863 0.138977
2 0.254920 0.316621 0.139729 0.189934
2 0.155398 0.594449 0.135659 0.199486
2 0.393877 0.938892 0.134531 0.119645
2 0.149587 0.928991 0.131124 0.139447
2 0.052177 0.688534 0.104353 0.197706
3 0.260677 0.131674 0.135659 0.199486
2 0.880212 0.938892 0.135499 0.119645
4 0.145011 0.211911 0.135659 0.199486
3 0.963010 0.337607 0.072043 0.189960
3 0.962884 0.158843 0.072293 0.189960
3 0.962759 0.520213 0.072544 0.189960
3 0.962569 0.706834 0.072925 0.189960
3 0.963162 0.892011 0.071738 0.189960
3 0.049679 0.130298 0.099357 0.198742
3 0.139366 0.064675 0.137981 0.129350
0 0.049284 0.312183 0.098568 0.198742
3 0.049374 0.494671 0.098747 0.198742
2 0.052206 0.878904 0.104411 0.197706
