1 0.334496 0.268895 0.127907 0.184062
1 0.336434 0.448329 0.127907 0.184062
1 0.450000 0.356298 0.127907 0.184062
1 0.565891 0.268380 0.127907 0.184062
1 0.687209 0.184576 0.127907 0.184062
1 0.447287 0.179949 0.127907 0.184062
1 0.693411 0.373779 0.127907 0.184062
1 0.686822 0.550129 0.127907 0.184062
1 0.572481 0.637018 0.127907 0.184062
1 0.691473 0.732134 0.127907 0.184062
1 0.572481 0.819023 0.127907 0.184062
1 0.453488 0.717738 0.127907 0.184062
1 0.812016 0.815938 0.127907 0.184062
1 0.693023 0.908483 0.127907 0.180463
1 0.932946 0.729820 0.127907 0.184062
1 0.931783 0.545244 0.127907 0.184062
1 0.932171 0.364781 0.127907 0.184062
1 0.224031 0.175064 0.127907 0.184062
2 0.212016 0.531362 0.127907 0.184062
2 0.330233 0.636761 0.127907 0.184062
2 0.332171 0.805913 0.127907 0.184062
2 0.210853 0.905398 0.127907 0.184062
2 0.449225 0.908098 0.127907 0.181234
2 0.448837 0.543959 0.127907 0.184062
2 0.936628 0.188689 0.124806 0.184062
2 0.813760 0.456555 0.127907 0.184062
2 0.090891 0.259640 0.127907 0.184062
3 0.083333 0.435733 0.127907 0.184062
3 0.804651 0.091645 0.127907 0.183290
0 0.215891 0.347301 0.127907 0.184062
0 0.814729 0.642931 0.127907 0.184062
0 0.205039 0.718509 0.127907 0.184062
4 0.805814 0.275321 0.127907 0.184062
5 0.100388 0.617738 0.127907 0.184062
5 0.093023 0.813625 0.127907 0.184062
3 0.573643 0.448586 0.127907 0.184062
1 0.932364 0.044216 0.129070 0.088432
1 0.215891 0.034447 0.132558 0.068895
1 0.459496 0.037147 0.129070 0.074293
1 0.343411 0.084704 0.124031 0.165810
1 0.566279 0.082519 0.124031 0.165039
2 0.091957 0.085347 0.132364 0.170694
4 0.927519 0.907841 0.127907 0.181748
1 0.809109 0.960026 0.118992 0.077378
1 0.573062 0.959769 0.118992 0.077892
4 0.336240 0.954884 0.115891 0.087661
3 0.090310 0.956941 0.123256 0.083548
3 0.680620 0.043188 0.123256 0.086375
