1 0.255039 0.238046 0.127132 0.184062
1 0.614341 0.325964 0.127132 0.184062
1 0.731783 0.414910 0.127132 0.184062
1 0.855426 0.320823 0.127132 0.184062
1 0.859690 0.142416 0.127132 0.184062
1 0.733915 0.067866 0.119767 0.135733
1 0.951744 0.425578 0.094574 0.162211
1 0.853876 0.494344 0.127132 0.184062
1 0.851163 0.680977 0.127132 0.184062
1 0.737597 0.600257 0.127132 0.184062
1 0.617829 0.686118 0.127132 0.184062
1 0.609690 0.867609 0.127132 0.184062
1 0.495349 0.600771 0.127132 0.184062
1 0.502713 0.240360 0.127132 0.184062
1 0.613178 0.503085 0.127132 0.184062
2 0.256202 0.591003 0.127132 0.184062
2 0.372093 0.696401 0.127132 0.184062
2 0.487209 0.773008 0.127132 0.184062
2 0.368992 0.866067 0.127132 0.184062
2 0.260078 0.783290 0.127132 0.184062
2 0.257364 0.410540 0.127132 0.184062
2 0.498062 0.406941 0.127132 0.184062
2 0.607752 0.141131 0.127132 0.184062
2 0.370930 0.143702 0.127132 0.184062
2 0.730233 0.771465 0.127132 0.184062
2 0.839147 0.861440 0.127132 0.184062
1 0.260465 0.070951 0.117829 0.141902
2 0.136434 0.690231 0.127132 0.184062
0 0.729070 0.234190 0.127132 0.184062
0 0.379845 0.323136 0.127132 0.184062
1 0.380233 0.506684 0.127132 0.184062
3 0.138372 0.504627 0.127132 0.184062
3 0.139922 0.145758 0.127132 0.184062
3 0.135659 0.876350 0.127132 0.184062
1 0.953585 0.070308 0.090891 0.140617
1 0.949903 0.607584 0.098256 0.166324
1 0.950678 0.776992 0.096705 0.169923
1 0.952229 0.934319 0.093605 0.128792
1 0.949516 0.237018 0.099031 0.173779
3 0.044186 0.071465 0.088372 0.142931
3 0.049419 0.240746 0.098837 0.152442
3 0.043023 0.420951 0.086047 0.155013
3 0.040698 0.605141 0.081395 0.163496
3 0.041570 0.779820 0.083140 0.142674
3 0.048256 0.930206 0.096512 0.137018
2 0.256977 0.941517 0.123256 0.114396
2 0.502519 0.942545 0.121318 0.112339
2 0.499612 0.072494 0.126357 0.144987
2 0.139341 0.329177 0.122093 0.170951
2 0.723837 0.942802 0.121318 0.111825
