5 0.204858 0.174220 0.144296 0.199788
5 0.332470 0.099363 0.144296 0.198726
5 0.338621 0.274645 0.144296 0.199788
5 0.213452 0.364284 0.144296 0.199788
5 0.073538 0.275092 0.144296 0.199788
5 0.079689 0.099167 0.144296 0.198335
1 0.706206 0.531323 0.144296 0.199788
4 0.451487 0.537135 0.144296 0.199788
2 0.691629 0.356907 0.144296 0.199788
2 0.575940 0.257936 0.144296 0.199788
2 0.569789 0.798843 0.144296 0.199788
2 0.327709 0.616044 0.144296 0.199788
2 0.451108 0.726640 0.144296 0.199788
2 0.453383 0.890326 0.144296 0.199788
2 0.583144 0.442131 0.144296 0.199788
1 0.820126 0.468677 0.144296 0.199788
1 0.927305 0.710601 0.143453 0.199788
1 0.923681 0.891053 0.144296 0.199788
3 0.810099 0.618839 0.144296 0.199788
1 0.928737 0.531044 0.140588 0.199788
1 0.804748 0.803705 0.144296 0.199788
1 0.689480 0.901028 0.144296 0.195373
3 0.800830 0.099167 0.144296 0.198335
3 0.693356 0.181765 0.144296 0.199788
3 0.797797 0.265815 0.144296 0.199788
3 0.560983 0.612524 0.144296 0.199788
2 0.673892 0.707807 0.144296 0.199788
2 0.928526 0.355957 0.141009 0.199788
3 0.090896 0.455600 0.144296 0.199788
3 0.328046 0.458617 0.144296 0.199788
3 0.092286 0.809517 0.144296 0.199788
3 0.220951 0.528920 0.144296 0.199788
3 0.210587 0.901000 0.144296 0.195429
3 0.335040 0.819576 0.144296 0.199788
3 0.808161 0.616268 0.144296 0.199788
1 0.219772 0.742511 0.144296 0.199788
1 0.927768 0.173606 0.142526 0.199788
2 0.477987 0.361322 0.144296 0.199788
2 0.086261 0.631189 0.144296 0.199788
2 0.581459 0.099251 0.144296 0.198502
0 0.448580 0.183609 0.144296 0.199788
1 0.928349 0.033419 0.141363 0.066838
2 0.336990 0.962082 0.137546 0.073265
5 0.441983 0.039717 0.139291 0.079434
5 0.213688 0.039332 0.139291 0.078663
5 0.095471 0.960266 0.139291 0.076897
