1 0.400775 0.488946 0.135659 0.174807
1 0.515891 0.405141 0.135659 0.174807
2 0.400000 0.301799 0.135659 0.174807
3 0.519380 0.213368 0.135659 0.174807
5 0.055039 0.764267 0.110078 0.176350
1 0.403876 0.128021 0.135659 0.174807
2 0.866279 0.134704 0.135659 0.174807
2 0.283721 0.579434 0.135659 0.174807
3 0.750388 0.761440 0.135659 0.174807
0 0.628295 0.666324 0.135659 0.174807
0 0.283140 0.209512 0.123643 0.171208
1 0.654264 0.326478 0.135659 0.174807
1 0.646899 0.126478 0.135659 0.174807
1 0.637209 0.489974 0.135659 0.174807
1 0.511240 0.573779 0.135659 0.174807
1 0.163566 0.134190 0.135659 0.174807
1 0.161628 0.311568 0.135659 0.174807
1 0.159690 0.488946 0.135659 0.174807
1 0.156977 0.668380 0.135659 0.174807
1 0.158140 0.845758 0.135659 0.174807
1 0.281008 0.750643 0.135659 0.174807
1 0.275194 0.393316 0.135659 0.174807
1 0.398837 0.661183 0.135659 0.174807
1 0.399225 0.843702 0.135659 0.174807
1 0.516667 0.756812 0.135659 0.174807
1 0.631008 0.847815 0.135659 0.174807
1 0.746124 0.572751 0.135659 0.174807
1 0.748062 0.393316 0.135659 0.174807
1 0.743798 0.211825 0.135659 0.174807
1 0.865891 0.315167 0.135659 0.174807
1 0.867054 0.495630 0.135659 0.174807
1 0.867442 0.681234 0.135659 0.174807
1 0.860853 0.859640 0.135659 0.174807
1 0.067442 0.395887 0.134884 0.174807
1 0.067636 0.214396 0.135271 0.174807
1 0.067054 0.579949 0.134109 0.174807
1 0.053101 0.056041 0.106202 0.112082
1 0.291085 0.056170 0.106977 0.112339
1 0.532558 0.056427 0.106977 0.112853
1 0.757752 0.056170 0.106977 0.112339
1 0.865116 0.021594 0.106977 0.043188
1 0.967345 0.228792 0.063372 0.149100
1 0.964244 0.927121 0.069574 0.143188
1 0.765504 0.931362 0.073643 0.120823
1 0.520155 0.931748 0.118605 0.133933
1 0.285659 0.895116 0.109302 0.114139
2 0.046221 0.937661 0.092442 0.122108
1 0.968605 0.400000 0.060853 0.149100
3 0.961240 0.756812 0.075581 0.170694
