1 0.137597 0.199486 0.126357 0.174807
2 0.134109 0.385090 0.126357 0.174807
0 0.484496 0.656555 0.126357 0.174807
1 0.131008 0.550643 0.126357 0.174807
1 0.132171 0.742416 0.126357 0.174807
1 0.252713 0.288432 0.126357 0.174807
1 0.243798 0.117224 0.126357 0.174807
1 0.372093 0.185604 0.126357 0.174807
1 0.374031 0.559383 0.126357 0.174807
1 0.375969 0.732648 0.126357 0.174807
1 0.484884 0.481234 0.126357 0.174807
1 0.482171 0.298715 0.126357 0.174807
1 0.483333 0.101799 0.126357 0.174807
1 0.600775 0.375835 0.126357 0.174807
1 0.602713 0.560411 0.126357 0.174807
1 0.608527 0.738817 0.126357 0.174807
1 0.608915 0.912725 0.126357 0.171979
1 0.488372 0.831362 0.126357 0.174807
1 0.729845 0.823650 0.126357 0.174807
1 0.722481 0.651414 0.126357 0.174807
1 0.718217 0.476093 0.126357 0.174807
1 0.721705 0.288432 0.126357 0.174807
1 0.835271 0.569666 0.126357 0.174807
1 0.843411 0.734704 0.126357 0.174807
1 0.846124 0.899743 0.126357 0.174807
0 0.836047 0.203599 0.126357 0.174807
2 0.260078 0.471979 0.126357 0.174807
2 0.363566 0.388175 0.126357 0.174807
2 0.253876 0.651928 0.126357 0.174807
2 0.254264 0.835476 0.126357 0.174807
2 0.715504 0.108483 0.126357 0.174807
1 0.948353 0.466581 0.101357 0.166067
1 0.948062 0.644987 0.101938 0.166067
1 0.947965 0.282519 0.102132 0.166067
1 0.948547 0.100000 0.100969 0.166067
1 0.032171 0.291003 0.064341 0.152185
1 0.034496 0.117995 0.068992 0.154756
1 0.032364 0.469409 0.064729 0.152185
1 0.034496 0.830848 0.068992 0.162468
1 0.127907 0.913496 0.126357 0.170437
1 0.375581 0.913111 0.126357 0.171208
1 0.132364 0.046530 0.116667 0.093059
2 0.372868 0.038432 0.120930 0.076864
2 0.604264 0.197429 0.126357 0.174807
2 0.838760 0.385090 0.126357 0.174807
0 0.951453 0.836761 0.095155 0.176350
1 0.956492 0.967738 0.085078 0.061954
1 0.836047 0.040360 0.117054 0.080720
1 0.598450 0.040488 0.117054 0.080977
