1 0.547502 0.101414 0.137209 0.202828
1 0.662016 0.146530 0.137209 0.203599
1 0.669380 0.320823 0.137209 0.203599
1 0.789922 0.232905 0.137209 0.203599
1 0.901938 0.149100 0.137209 0.203599
1 0.672093 0.506427 0.137209 0.203599
1 0.777132 0.593316 0.137209 0.203599
1 0.903101 0.515681 0.137209 0.203599
1 0.548450 0.425707 0.137209 0.203599
1 0.431008 0.328535 0.137209 0.203599
1 0.319767 0.405141 0.137209 0.203599
1 0.303876 0.584576 0.137209 0.203599
1 0.307364 0.750643 0.137209 0.203599
1 0.195349 0.140360 0.137209 0.203599
1 0.198062 0.311568 0.137209 0.203599
1 0.196124 0.497172 0.137209 0.203599
1 0.074806 0.423650 0.137209 0.203599
1 0.068411 0.587661 0.136822 0.203599
1 0.195736 0.657069 0.137209 0.203599
1 0.431783 0.506427 0.137209 0.203599
1 0.779457 0.774293 0.137209 0.203599
1 0.433333 0.138303 0.137209 0.203599
1 0.906589 0.321851 0.137209 0.203599
2 0.426357 0.866324 0.137209 0.203599
2 0.426744 0.696144 0.137209 0.203599
0 0.080233 0.224165 0.137209 0.203599
3 0.316667 0.237532 0.137209 0.203599
2 0.545349 0.774293 0.137209 0.203599
2 0.554264 0.611311 0.137209 0.203599
2 0.665504 0.682776 0.137209 0.203599
2 0.666667 0.874550 0.137209 0.203599
2 0.183333 0.861697 0.137209 0.203599
2 0.067926 0.772751 0.135853 0.203599
2 0.901163 0.702314 0.137209 0.203599
3 0.778295 0.397429 0.137209 0.203599
3 0.892248 0.861183 0.137209 0.203599
2 0.300711 0.777806 0.134884 0.178920
1 0.549871 0.245558 0.137209 0.203599
1 0.784970 0.101171 0.137209 0.202342
1 0.328252 0.101243 0.137209 0.202485
1 0.085357 0.101528 0.137209 0.203056
1 0.920898 0.040203 0.135594 0.080406
1 0.976098 0.233605 0.045866 0.203570
1 0.975829 0.443830 0.046404 0.203570
0 0.969100 0.597501 0.059862 0.202999
1 0.976044 0.786875 0.045973 0.203570
