5 0.632946 0.387147 0.123256 0.163496
5 0.519380 0.299229 0.123256 0.163496
5 0.869380 0.567095 0.123256 0.163496
1 0.865891 0.394859 0.123256 0.163496
1 0.860853 0.208226 0.123256 0.163496
2 0.637984 0.564524 0.123256 0.163496
0 0.287597 0.465810 0.123256 0.163496
1 0.760465 0.127506 0.123256 0.163496
1 0.756202 0.296658 0.123256 0.163496
1 0.635659 0.195373 0.123256 0.163496
1 0.636822 0.755270 0.123256 0.163496
1 0.750388 0.835990 0.123256 0.163496
1 0.879457 0.738817 0.123256 0.163496
1 0.866667 0.919023 0.123256 0.159383
1 0.516667 0.823907 0.123256 0.163496
1 0.638760 0.918638 0.123256 0.160154
1 0.519767 0.654499 0.123256 0.163496
1 0.519380 0.476093 0.123256 0.163496
1 0.409690 0.389203 0.123256 0.163496
1 0.402326 0.553213 0.123256 0.163496
1 0.401163 0.736761 0.123256 0.163496
1 0.402326 0.918509 0.123256 0.160411
1 0.289535 0.826992 0.123256 0.163496
1 0.293023 0.654756 0.123256 0.163496
1 0.168605 0.734447 0.123256 0.163496
1 0.165891 0.919280 0.123256 0.158869
1 0.166279 0.562211 0.123256 0.163496
1 0.166667 0.381748 0.123256 0.163496
1 0.286434 0.288689 0.123256 0.163496
1 0.161240 0.186375 0.123256 0.163496
1 0.285659 0.100514 0.123256 0.163496
1 0.061434 0.457841 0.122868 0.163496
1 0.061337 0.650643 0.122674 0.163496
1 0.061143 0.115424 0.122287 0.163496
1 0.061337 0.287661 0.122674 0.163496
3 0.398837 0.191774 0.123256 0.163496
2 0.747674 0.481748 0.123256 0.163496
1 0.750000 0.651414 0.123256 0.163496
1 0.060950 0.832134 0.121899 0.163496
1 0.977810 0.127763 0.042442 0.130077
1 0.966860 0.289460 0.064341 0.169666
5 0.965795 0.468123 0.066473 0.167095
1 0.965795 0.830077 0.066473 0.162982
1 0.968895 0.962082 0.060271 0.073265
1 0.167054 0.043702 0.121705 0.087404
1 0.396124 0.043573 0.121705 0.087147
3 0.634109 0.050900 0.141085 0.101799
2 0.527519 0.122879 0.123256 0.163496
3 0.880233 0.050771 0.141085 0.101542
2 0.048450 0.960540 0.096899 0.076350
