2 0.897674 0.305913 0.125581 0.182005
2 0.786434 0.208740 0.125581 0.182005
2 0.667442 0.294602 0.125581 0.182005
2 0.540698 0.205656 0.125581 0.182005
2 0.662791 0.669923 0.125581 0.182005
2 0.663953 0.857584 0.125581 0.182005
2 0.544961 0.758355 0.125581 0.182005
2 0.429070 0.656041 0.125581 0.182005
2 0.430233 0.836504 0.125581 0.182005
2 0.550000 0.909383 0.125581 0.178663
2 0.310078 0.397429 0.125581 0.182005
2 0.901163 0.659126 0.125581 0.182005
2 0.900000 0.847815 0.125581 0.182005
2 0.191860 0.108997 0.125581 0.182005
2 0.065891 0.210283 0.125581 0.182005
2 0.896124 0.119794 0.125581 0.182005
3 0.777132 0.388689 0.125581 0.182005
3 0.772093 0.569152 0.125581 0.182005
3 0.898837 0.490488 0.125581 0.182005
3 0.782171 0.758355 0.125581 0.182005
3 0.427519 0.481234 0.125581 0.182005
3 0.425581 0.120823 0.125581 0.182005
3 0.184884 0.301285 0.125581 0.182005
1 0.654651 0.478149 0.125581 0.182005
1 0.544186 0.386118 0.125581 0.182005
1 0.539922 0.571722 0.125581 0.182005
1 0.425581 0.315167 0.125581 0.182005
1 0.310465 0.215938 0.125581 0.182005
1 0.305426 0.570180 0.125581 0.182005
1 0.310465 0.740360 0.125581 0.182005
1 0.308527 0.909512 0.125581 0.178406
1 0.195736 0.831620 0.125581 0.182005
1 0.195349 0.650129 0.125581 0.182005
1 0.198837 0.468638 0.125581 0.182005
1 0.072868 0.398201 0.125581 0.182005
1 0.070930 0.568380 0.125581 0.182005
1 0.069767 0.752956 0.125581 0.182005
0 0.074806 0.909897 0.125581 0.177635
3 0.665504 0.114139 0.125581 0.182005
2 0.780620 0.909126 0.125581 0.179177
1 0.062005 0.091974 0.124009 0.182005
1 0.298999 0.059640 0.121382 0.119280
2 0.787984 0.057584 0.126357 0.115167
3 0.546016 0.055013 0.118820 0.110026
1 0.980136 0.761440 0.037791 0.171722
