3 0.058721 0.256555 0.117442 0.179949
1 0.516667 0.256041 0.117829 0.179949
2 0.405039 0.530591 0.117829 0.179949
0 0.528295 0.625193 0.117829 0.179949
3 0.166667 0.336247 0.117829 0.179949
1 0.158140 0.158869 0.117829 0.179949
1 0.291473 0.439589 0.117829 0.179949
1 0.284884 0.628278 0.117829 0.179949
1 0.168992 0.711054 0.117829 0.179949
1 0.286434 0.800000 0.117829 0.179949
2 0.166667 0.517738 0.117829 0.179949
1 0.393023 0.161954 0.117829 0.179949
1 0.518217 0.440103 0.117829 0.179949
1 0.524806 0.803599 0.117829 0.179949
1 0.404264 0.896658 0.117829 0.179949
1 0.403876 0.711054 0.117829 0.179949
1 0.394961 0.345501 0.117829 0.179949
2 0.282171 0.252442 0.117829 0.179949
2 0.751938 0.799486 0.117829 0.179949
1 0.640310 0.893059 0.117829 0.179949
1 0.639922 0.712596 0.117829 0.179949
1 0.635659 0.532134 0.117829 0.179949
1 0.634496 0.353728 0.117829 0.179949
1 0.630233 0.167095 0.117829 0.179949
1 0.747674 0.089203 0.117829 0.178406
1 0.750388 0.275064 0.117829 0.179949
1 0.760853 0.457584 0.117829 0.179949
1 0.757364 0.619537 0.117829 0.179949
1 0.871705 0.712596 0.117829 0.179949
1 0.881395 0.899229 0.117829 0.179949
1 0.873256 0.535733 0.117829 0.179949
1 0.870543 0.360411 0.117829 0.179949
1 0.867829 0.182005 0.117829 0.179949
1 0.058333 0.623136 0.116667 0.179949
2 0.058236 0.435990 0.116473 0.179949
3 0.058236 0.805141 0.116473 0.179949
0 0.175969 0.892031 0.117829 0.179949
1 0.402132 0.025707 0.113566 0.051414
2 0.799419 0.963625 0.062403 0.070180
0 0.970833 0.801028 0.056395 0.168638
1 0.978101 0.433419 0.041860 0.140874
0 0.971124 0.263753 0.055814 0.168638
1 0.980911 0.111311 0.036240 0.093059
1 0.067248 0.053213 0.081008 0.103342
2 0.319574 0.106555 0.031395 0.077378
1 0.523643 0.068380 0.104651 0.136761
1 0.630426 0.019537 0.105039 0.039075
1 0.867442 0.031877 0.106977 0.063753
1 0.526066 0.953342 0.117248 0.090746
1 0.296027 0.955913 0.112984 0.085604
1 0.055814 0.956170 0.111628 0.085090
