1 0.441473 0.248843 0.127907 0.180977
1 0.555039 0.330591 0.127907 0.180977
1 0.433721 0.431877 0.127907 0.180977
1 0.560465 0.513625 0.127907 0.180977
1 0.684109 0.416452 0.127907 0.180977
1 0.678295 0.609254 0.127907 0.180977
1 0.791860 0.698201 0.127907 0.180977
1 0.907752 0.607198 0.127907 0.180977
1 0.906589 0.801028 0.127907 0.180977
1 0.907752 0.258612 0.127907 0.180977
1 0.316667 0.332134 0.127907 0.180977
1 0.327907 0.522879 0.127907 0.180977
1 0.322093 0.699229 0.127907 0.180977
1 0.438760 0.784062 0.127907 0.180977
1 0.561628 0.870951 0.127907 0.180977
1 0.210078 0.783033 0.127907 0.180977
1 0.206589 0.598458 0.127907 0.180977
1 0.208527 0.434447 0.127907 0.180977
1 0.203488 0.249871 0.127907 0.180977
1 0.320930 0.164010 0.127907 0.180977
1 0.435271 0.089974 0.127907 0.179949
1 0.562791 0.150643 0.127907 0.180977
1 0.674031 0.089846 0.127907 0.179692
1 0.210078 0.089846 0.127907 0.179692
1 0.083333 0.338560 0.127907 0.180977
1 0.082171 0.520051 0.127907 0.180977
1 0.084109 0.696401 0.127907 0.180977
1 0.088372 0.879949 0.127907 0.180977
4 0.784884 0.523393 0.127907 0.180977
0 0.671318 0.252442 0.127907 0.180977
0 0.794961 0.154242 0.127907 0.180977
4 0.910853 0.426221 0.127907 0.180977
0 0.789147 0.336761 0.127907 0.180977
0 0.443798 0.609769 0.127907 0.180977
0 0.559690 0.693573 0.127907 0.180977
0 0.671705 0.791774 0.127907 0.180977
0 0.792248 0.880720 0.127907 0.180977
0 0.084884 0.148072 0.127907 0.180977
4 0.909991 0.089760 0.127907 0.179520
0 0.905329 0.946587 0.126120 0.104256
1 0.325969 0.884319 0.127907 0.180977
1 0.445155 0.947686 0.129070 0.102057
1 0.210659 0.947301 0.129070 0.102828
4 0.680039 0.939974 0.132171 0.117481
