1 0.370155 0.389717 0.124806 0.180977
1 0.940891 0.842031 0.115891 0.162211
1 0.948353 0.121337 0.101357 0.158355
1 0.840116 0.056041 0.118217 0.112082
1 0.943314 0.478663 0.111434 0.155270
1 0.942151 0.965681 0.113760 0.066067
1 0.946802 0.309254 0.104457 0.151671
1 0.368217 0.205141 0.124806 0.180977
1 0.490310 0.120308 0.124806 0.180977
1 0.493798 0.308997 0.124806 0.180977
1 0.613566 0.210797 0.124806 0.180977
1 0.721705 0.120823 0.124806 0.180977
1 0.832946 0.203599 0.124806 0.180977
1 0.717829 0.293573 0.124806 0.180977
1 0.603488 0.383548 0.124806 0.180977
1 0.482946 0.477635 0.124806 0.180977
1 0.367829 0.566581 0.124806 0.180977
1 0.251938 0.484833 0.124806 0.180977
1 0.259302 0.302314 0.124806 0.180977
1 0.137209 0.209254 0.124806 0.180977
1 0.136822 0.381491 0.124806 0.180977
1 0.131783 0.749100 0.124806 0.180977
1 0.247674 0.660154 0.124806 0.180977
1 0.245736 0.843702 0.124806 0.180977
1 0.597287 0.754756 0.124806 0.180977
1 0.477519 0.849871 0.124806 0.180977
1 0.711240 0.835990 0.124806 0.180977
1 0.829457 0.749100 0.124806 0.180977
1 0.831395 0.564524 0.124806 0.180977
1 0.597674 0.923522 0.122481 0.150386
1 0.359302 0.923393 0.122481 0.150643
1 0.135659 0.923779 0.122481 0.149871
1 0.036822 0.843702 0.073643 0.175835
1 0.036822 0.670437 0.073643 0.175835
1 0.036725 0.469409 0.073450 0.175835
1 0.036822 0.291003 0.073643 0.175835
1 0.032946 0.971080 0.065891 0.055270
1 0.256202 0.119280 0.124806 0.180977
1 0.609496 0.055656 0.118217 0.111311
1 0.371124 0.055656 0.118217 0.111311
1 0.143605 0.056041 0.118217 0.112082
4 0.366279 0.749614 0.124806 0.180977
4 0.822481 0.923522 0.125581 0.150386
4 0.595543 0.568380 0.118992 0.183548
1 0.706202 0.651414 0.124806 0.180977
4 0.716860 0.962982 0.123643 0.071465
4 0.485465 0.963111 0.123643 0.071208
1 0.245736 0.965681 0.122481 0.066067
4 0.036822 0.106427 0.073643 0.175835
0 0.834690 0.387918 0.115891 0.169152
0 0.717539 0.479692 0.118798 0.171722
1 0.260465 0.013111 0.100775 0.026221
1 0.726550 0.015424 0.124419 0.030848
1 0.956880 0.015553 0.084302 0.031105
0 0.481589 0.658869 0.115891 0.169152
0 0.942151 0.662468 0.113760 0.169152
0 0.133140 0.567866 0.115891 0.169152
