1 0.628682 0.368638 0.124031 0.182005
1 0.743798 0.458612 0.124031 0.182005
1 0.865891 0.369666 0.124031 0.182005
1 0.867054 0.550129 0.124031 0.182005
1 0.622481 0.554756 0.124031 0.182005
1 0.637597 0.739332 0.124031 0.182005
1 0.519380 0.463239 0.124031 0.182005
1 0.400388 0.382519 0.124031 0.182005
1 0.281395 0.283290 0.124031 0.182005
1 0.274806 0.464781 0.124031 0.182005
1 0.281395 0.648329 0.124031 0.182005
1 0.400388 0.742416 0.124031 0.182005
1 0.168992 0.560925 0.124031 0.182005
1 0.061337 0.659126 0.122674 0.182005
1 0.878101 0.909254 0.124031 0.178920
1 0.517248 0.092802 0.124031 0.182005
1 0.150969 0.188946 0.124031 0.182005
2 0.518605 0.652442 0.124031 0.182005
2 0.398062 0.556298 0.124031 0.182005
2 0.511628 0.274036 0.124031 0.182005
2 0.277132 0.098715 0.124031 0.182005
2 0.403101 0.188689 0.124031 0.182005
2 0.632171 0.185090 0.124031 0.182005
2 0.744186 0.285347 0.124031 0.182005
2 0.863178 0.197429 0.124031 0.182005
2 0.159690 0.379949 0.124031 0.182005
1 0.746512 0.099229 0.124031 0.182005
2 0.753876 0.636504 0.124031 0.182005
2 0.875969 0.740874 0.124031 0.182005
2 0.760078 0.823650 0.124031 0.182005
2 0.640310 0.909769 0.124031 0.177892
2 0.405039 0.909769 0.124031 0.177892
2 0.170543 0.909126 0.124031 0.179177
2 0.050775 0.291517 0.101550 0.165553
2 0.061628 0.105913 0.123256 0.182005
3 0.284884 0.825193 0.124031 0.182005
3 0.161240 0.738303 0.124031 0.182005
3 0.515504 0.831877 0.124031 0.182005
4 0.061822 0.837018 0.123643 0.182005
1 0.963555 0.294959 0.070952 0.177749
1 0.960368 0.470551 0.077326 0.149329
1 0.966947 0.637147 0.064169 0.173750
1 0.966182 0.831620 0.065698 0.168123
1 0.869929 0.058098 0.123708 0.116195
2 0.628801 0.041631 0.125474 0.083262
2 0.401410 0.041702 0.125474 0.083405
2 0.520435 0.957534 0.125474 0.082362
