4 0.331058 0.326953 0.147455 0.185816
4 0.446031 0.244747 0.147455 0.185816
2 0.802861 0.876685 0.129162 0.179792
2 0.917202 0.778484 0.129162 0.179792
3 0.803636 0.698793 0.129162 0.179792
3 0.921078 0.609847 0.129162 0.179792
3 0.328442 0.147636 0.129162 0.179792
3 0.076892 0.329127 0.129162 0.179792
2 0.696271 0.783626 0.129162 0.179792
2 0.685806 0.609333 0.129162 0.179792
2 0.569140 0.519358 0.129162 0.179792
2 0.454799 0.606248 0.129162 0.179792
2 0.807512 0.334783 0.129162 0.179792
5 0.330768 0.523986 0.129162 0.179792
1 0.924178 0.258176 0.129162 0.179792
1 0.919915 0.088946 0.129162 0.177892
1 0.802473 0.154320 0.129162 0.179792
1 0.801310 0.510618 0.129162 0.179792
1 0.686194 0.427842 0.129162 0.179792
1 0.689682 0.238125 0.129162 0.179792
1 0.693946 0.088946 0.129162 0.177892
1 0.569527 0.151235 0.129162 0.179792
1 0.575341 0.332726 0.129162 0.179792
1 0.449372 0.089717 0.129162 0.179434
1 0.451310 0.424243 0.129162 0.179792
1 0.927667 0.431955 0.129162 0.179792
3 0.572240 0.868973 0.129162 0.179792
0 0.688372 0.942545 0.131783 0.112339
5 0.449760 0.784654 0.129162 0.179792
5 0.327667 0.867430 0.129162 0.179792
5 0.213326 0.793909 0.129162 0.179792
5 0.207512 0.618587 0.129162 0.179792
5 0.204799 0.421672 0.129162 0.179792
5 0.197434 0.272058 0.129162 0.179792
5 0.211775 0.089203 0.129162 0.178406
5 0.078830 0.155862 0.129162 0.179792
5 0.086194 0.512161 0.129162 0.179792
5 0.079605 0.690567 0.129162 0.179792
5 0.083868 0.883369 0.129162 0.179792
5 0.201550 0.948329 0.125581 0.100771
5 0.458527 0.948072 0.125581 0.101285
5 0.331543 0.699821 0.129162 0.179792
1 0.800923 0.029820 0.120635 0.059640
1 0.570302 0.699307 0.129162 0.179792
1 0.918411 0.944602 0.129845 0.108226
