2 0.265978 0.121337 0.147287 0.191260
2 0.378682 0.201028 0.147287 0.191260
2 0.486822 0.104884 0.147287 0.191260
2 0.610465 0.194859 0.147287 0.191260
2 0.602326 0.372237 0.147287 0.191260
2 0.720543 0.281234 0.147287 0.191260
2 0.857364 0.206684 0.147287 0.191260
2 0.847674 0.375835 0.147287 0.191260
2 0.849612 0.563496 0.147287 0.191260
2 0.843798 0.760411 0.147287 0.191260
2 0.715504 0.660154 0.147287 0.191260
2 0.720284 0.853813 0.147287 0.191260
2 0.611628 0.751671 0.147287 0.191260
2 0.381008 0.390231 0.147287 0.191260
3 0.501550 0.463753 0.147287 0.191260
3 0.598837 0.567095 0.147287 0.191260
3 0.730233 0.473008 0.147287 0.191260
3 0.256977 0.303856 0.147287 0.191260
3 0.487597 0.282776 0.147287 0.191260
3 0.142248 0.189717 0.147287 0.191260
3 0.130233 0.773265 0.147287 0.191260
3 0.242248 0.859126 0.147287 0.191260
3 0.475969 0.863753 0.147287 0.191260
0 0.490310 0.663753 0.147287 0.191260
0 0.143411 0.398972 0.147287 0.191260
4 0.256202 0.673008 0.147287 0.191260
2 0.729845 0.100000 0.147287 0.191260
4 0.367442 0.775321 0.147287 0.191260
4 0.139147 0.581491 0.147287 0.191260
4 0.257364 0.488432 0.147287 0.191260
3 0.364341 0.577892 0.147287 0.191260
2 0.949806 0.852642 0.098450 0.169037
2 0.946802 0.649386 0.104457 0.157384
2 0.949031 0.469009 0.100000 0.150357
2 0.942636 0.286261 0.112791 0.163268
1 0.939599 0.100614 0.118863 0.146330
2 0.602692 0.931234 0.144918 0.134961
4 0.369660 0.941517 0.134668 0.114396
4 0.037984 0.478035 0.075969 0.189432
2 0.364987 0.047301 0.136693 0.094602
2 0.603854 0.045758 0.141128 0.091517
2 0.860487 0.047829 0.125538 0.091488
3 0.835357 0.935861 0.138932 0.125707
3 0.129177 0.932648 0.129673 0.132134
3 0.039449 0.689460 0.078898 0.181491
3 0.141161 0.048058 0.144681 0.096115
3 0.039061 0.878149 0.078122 0.181491
4 0.037984 0.288318 0.075969 0.189432
3 0.039255 0.100257 0.078510 0.181491
