5 0.249225 0.276093 0.137209 0.194344
5 0.616279 0.191260 0.137209 0.194344
5 0.377907 0.548586 0.137209 0.194344
5 0.247287 0.638560 0.137209 0.194344
5 0.617442 0.901285 0.137209 0.194344
5 0.726357 0.096530 0.137209 0.193059
5 0.137209 0.182005 0.137209 0.194344
5 0.733721 0.284319 0.137209 0.194344
5 0.491602 0.096872 0.137209 0.193745
5 0.841301 0.361925 0.137209 0.194344
5 0.376400 0.713539 0.137209 0.194344
5 0.127907 0.715253 0.137209 0.194344
5 0.268088 0.448472 0.137209 0.194344
5 0.120801 0.353071 0.137209 0.194344
5 0.244832 0.096372 0.137209 0.192745
5 0.376410 0.913239 0.136326 0.170951
5 0.747814 0.963609 0.140613 0.070212
5 0.373728 0.046192 0.123062 0.092384
5 0.118278 0.046473 0.123062 0.092947
5 0.842418 0.046513 0.123062 0.093027
5 0.956365 0.112990 0.085332 0.172478
5 0.043362 0.085355 0.086725 0.170710
5 0.042848 0.779924 0.085695 0.172478
5 0.487373 0.959592 0.116340 0.078246
5 0.955608 0.961600 0.086846 0.074229
3 0.483561 0.285045 0.137209 0.194344
3 0.614300 0.349708 0.137209 0.194344
3 0.731623 0.453920 0.137209 0.194344
3 0.844473 0.714351 0.137209 0.194344
3 0.623394 0.565449 0.137209 0.194344
3 0.731772 0.632089 0.137209 0.194344
3 0.616536 0.722459 0.137209 0.194344
3 0.723424 0.808874 0.137209 0.194344
3 0.485946 0.833987 0.137209 0.194344
3 0.494145 0.465192 0.137209 0.194344
3 0.490716 0.650479 0.137209 0.194344
3 0.373990 0.373042 0.137209 0.194344
3 0.372052 0.180636 0.137209 0.194344
3 0.134280 0.903409 0.137209 0.190612
3 0.122201 0.534897 0.137209 0.194344
2 0.853716 0.538259 0.137209 0.194344
2 0.849508 0.903349 0.137209 0.190731
3 0.955989 0.278022 0.086085 0.176025
3 0.955983 0.448417 0.086097 0.176025
3 0.956007 0.625161 0.086049 0.176025
3 0.956060 0.832054 0.085941 0.176025
3 0.034644 0.614904 0.069289 0.165794
3 0.030966 0.434495 0.061932 0.164810
3 0.034537 0.257260 0.069074 0.165794
5 0.615865 0.046299 0.123062 0.092599
3 0.241498 0.952157 0.131837 0.093116
3 0.132342 0.902123 0.137209 0.193183
3 0.844528 0.183172 0.137209 0.194344
