0 0.085659 0.366581 0.131008 0.171722
3 0.427907 0.274550 0.131008 0.171722
1 0.202326 0.454499 0.131008 0.171722
1 0.090310 0.542416 0.131008 0.171722
1 0.088372 0.710540 0.131008 0.171722
1 0.089535 0.894087 0.131008 0.171722
1 0.209302 0.815424 0.131008 0.171722
1 0.210465 0.266838 0.131008 0.171722
1 0.078295 0.184062 0.131008 0.171722
1 0.211240 0.085861 0.131008 0.171722
1 0.324031 0.183033 0.131008 0.171722
3 0.198837 0.628792 0.131008 0.171722
1 0.317442 0.354242 0.131008 0.171722
1 0.323256 0.537789 0.131008 0.171722
1 0.320543 0.716195 0.131008 0.171722
1 0.326357 0.901799 0.131008 0.171722
1 0.439922 0.811825 0.131008 0.171722
1 0.438760 0.627249 0.131008 0.171722
1 0.437597 0.453985 0.131008 0.171722
1 0.436434 0.090488 0.131008 0.171722
1 0.558527 0.188689 0.131008 0.171722
1 0.557364 0.357841 0.131008 0.171722
1 0.562403 0.532134 0.131008 0.171722
1 0.555039 0.713625 0.131008 0.171722
1 0.560853 0.889974 0.131008 0.171722
1 0.681395 0.816452 0.131008 0.171722
1 0.677907 0.629820 0.131008 0.171722
1 0.673643 0.455527 0.131008 0.171722
1 0.674031 0.264781 0.131008 0.171722
1 0.670543 0.088432 0.131008 0.171722
1 0.791085 0.180463 0.131008 0.171722
1 0.792248 0.351671 0.131008 0.171722
1 0.793411 0.533162 0.131008 0.171722
1 0.795349 0.728021 0.131008 0.171722
1 0.787209 0.907455 0.131008 0.171722
1 0.913953 0.624165 0.131008 0.171722
1 0.907364 0.440617 0.131008 0.171722
1 0.904651 0.255013 0.131008 0.171722
1 0.908915 0.085090 0.131008 0.170180
3 0.915891 0.813882 0.131008 0.171722
0 0.912597 0.954370 0.129070 0.088689
1 0.682364 0.952699 0.118217 0.092031
1 0.441667 0.953085 0.118217 0.091260
1 0.215698 0.952699 0.118217 0.092031
1 0.553295 0.047301 0.118217 0.094602
1 0.797868 0.046915 0.118217 0.093830
1 0.317636 0.046915 0.118217 0.093830
1 0.075388 0.047172 0.118217 0.094344
1 0.019671 0.088046 0.039341 0.139075
1 0.980620 0.048201 0.036822 0.096401
1 0.980911 0.723265 0.036240 0.146787
1 0.980717 0.903985 0.036628 0.139075
1 0.979554 0.358997 0.038953 0.139075
1 0.019574 0.274679 0.039147 0.139075
1 0.019574 0.445887 0.039147 0.139075
1 0.019671 0.611954 0.039341 0.139075
1 0.019574 0.811954 0.039147 0.139075
1 0.015116 0.963368 0.030233 0.070694
