1 0.135853 0.179434 0.124031 0.182005
1 0.136240 0.357841 0.124031 0.182005
1 0.138178 0.537275 0.124031 0.182005
1 0.130814 0.715681 0.124031 0.182005
1 0.131202 0.897172 0.124031 0.182005
1 0.252519 0.624165 0.124031 0.182005
1 0.255233 0.446787 0.124031 0.182005
1 0.254845 0.259126 0.124031 0.182005
1 0.256008 0.090488 0.124031 0.180977
1 0.371899 0.344473 0.124031 0.182005
1 0.372287 0.719280 0.124031 0.182005
1 0.371124 0.899743 0.124031 0.182005
1 0.493992 0.812853 0.124031 0.182005
1 0.489729 0.633419 0.124031 0.182005
1 0.487791 0.448843 0.124031 0.182005
1 0.488178 0.260154 0.124031 0.182005
1 0.600969 0.174293 0.124031 0.182005
1 0.606783 0.352699 0.124031 0.182005
1 0.604070 0.534190 0.124031 0.182005
1 0.605233 0.721851 0.124031 0.182005
1 0.730426 0.800514 0.124031 0.182005
1 0.722287 0.627249 0.124031 0.182005
1 0.716473 0.274036 0.124031 0.182005
1 0.721512 0.091517 0.124031 0.182005
1 0.835853 0.358355 0.124031 0.182005
1 0.838566 0.537789 0.124031 0.182005
1 0.838953 0.714139 0.124031 0.182005
4 0.714922 0.456041 0.124031 0.182005
4 0.841667 0.886375 0.124031 0.182005
0 0.367636 0.536247 0.124031 0.182005
0 0.372674 0.187147 0.124031 0.182005
0 0.838178 0.180463 0.124031 0.182005
2 0.253295 0.805141 0.124031 0.182005
2 0.613372 0.901285 0.124031 0.182005
1 0.486240 0.090617 0.124031 0.181234
1 0.938372 0.266838 0.121318 0.182005
1 0.938178 0.444216 0.121705 0.182005
1 0.938857 0.628792 0.120349 0.182005
1 0.938372 0.825707 0.121318 0.182005
4 0.938469 0.090231 0.121124 0.180463
1 0.724516 0.948972 0.125000 0.099486
1 0.488469 0.949229 0.125000 0.098972
1 0.034205 0.625578 0.068411 0.163753
1 0.034593 0.450257 0.069186 0.163753
1 0.034496 0.267738 0.068992 0.163753
1 0.034593 0.092416 0.069186 0.163753
1 0.037791 0.802442 0.069767 0.163753
1 0.034399 0.950514 0.068798 0.096401
1 0.361531 0.048329 0.120349 0.096658
1 0.603779 0.048072 0.120349 0.096144
1 0.125872 0.048458 0.120349 0.096915
1 0.832461 0.048329 0.120349 0.096658
0 0.257655 0.947686 0.129264 0.102057
0 0.939050 0.953856 0.119961 0.089717
