0 0.639535 0.585604 0.122481 0.169666
0 0.409690 0.407198 0.122481 0.169666
0 0.635659 0.771722 0.122481 0.169666
1 0.517829 0.311054 0.122481 0.169666
1 0.519767 0.487404 0.122481 0.169666
2 0.749612 0.857069 0.122481 0.169666
1 0.396124 0.588689 0.122481 0.169666
1 0.292636 0.493573 0.122481 0.169666
1 0.172093 0.232905 0.122481 0.169666
1 0.174806 0.404113 0.122481 0.169666
1 0.167442 0.582519 0.122481 0.169666
1 0.288760 0.322879 0.122481 0.169666
1 0.282171 0.128021 0.122481 0.169666
1 0.409690 0.216967 0.122481 0.169666
1 0.519380 0.135219 0.122481 0.169666
1 0.514341 0.677635 0.122481 0.169666
1 0.397674 0.764524 0.122481 0.169666
1 0.642248 0.405141 0.122481 0.169666
1 0.635659 0.232905 0.122481 0.169666
1 0.751550 0.133676 0.122481 0.169666
1 0.757364 0.507455 0.122481 0.169666
1 0.870930 0.411311 0.122481 0.169666
1 0.868992 0.229820 0.122481 0.169666
1 0.868605 0.583033 0.122481 0.169666
1 0.870543 0.754242 0.122481 0.169666
2 0.525969 0.847301 0.122481 0.169666
2 0.288372 0.855013 0.122481 0.169666
1 0.287984 0.673522 0.122481 0.169666
2 0.754651 0.318766 0.122481 0.169666
1 0.063566 0.131105 0.094574 0.159383
1 0.167442 0.068380 0.122481 0.136761
1 0.060853 0.489460 0.094574 0.159383
2 0.058140 0.671208 0.093023 0.151671
2 0.056977 0.850643 0.093023 0.151671
2 0.060465 0.309254 0.093023 0.151671
2 0.398643 0.932776 0.110465 0.131877
2 0.169380 0.773265 0.122481 0.169666
2 0.753876 0.680720 0.122481 0.169666
1 0.868411 0.931234 0.124419 0.134961
2 0.632364 0.936375 0.112791 0.124679
1 0.635659 0.066324 0.130233 0.132648
1 0.862403 0.067095 0.130233 0.134190
1 0.408527 0.066710 0.130233 0.133419
1 0.524612 0.029306 0.102713 0.058612
1 0.286434 0.014910 0.095349 0.029820
1 0.977035 0.132134 0.043992 0.157326
1 0.978391 0.315681 0.041279 0.157326
1 0.965019 0.666838 0.068023 0.155270
0 0.957267 0.864781 0.083527 0.152185
1 0.164922 0.938432 0.118992 0.120566
