4 0.670395 0.353051 0.133763 0.183022
5 0.665297 0.906533 0.133763 0.183022
5 0.311573 0.444311 0.133763 0.183022
2 0.776057 0.444311 0.133763 0.183022
3 0.779217 0.259892 0.133763 0.183022
0 0.666519 0.716749 0.133763 0.183022
4 0.194662 0.535124 0.133763 0.183022
5 0.664581 0.176288 0.133763 0.183022
5 0.425324 0.902565 0.133763 0.183022
3 0.546617 0.257321 0.133763 0.183022
3 0.442513 0.168129 0.133763 0.183022
3 0.210966 0.161367 0.133763 0.183022
3 0.084745 0.090868 0.133763 0.181737
3 0.200434 0.347072 0.133763 0.183022
3 0.071052 0.636498 0.133763 0.183022
3 0.318735 0.617162 0.133763 0.183022
3 0.440028 0.727758 0.133763 0.183022
3 0.900468 0.535179 0.133763 0.183022
3 0.901689 0.346792 0.133763 0.183022
3 0.898698 0.155611 0.133763 0.183022
3 0.898867 0.727255 0.133763 0.183022
3 0.896929 0.899324 0.133763 0.183022
2 0.787812 0.809182 0.133763 0.183022
2 0.549945 0.441964 0.133763 0.183022
2 0.681770 0.544177 0.133763 0.183022
2 0.548176 0.617050 0.133763 0.183022
2 0.551504 0.812870 0.133763 0.183022
2 0.435815 0.530876 0.133763 0.183022
2 0.448622 0.360652 0.133763 0.183022
2 0.076993 0.270063 0.133763 0.183022
2 0.305717 0.802587 0.133763 0.183022
2 0.303779 0.800017 0.133763 0.183022
0 0.787812 0.624762 0.133763 0.183022
0 0.083354 0.444758 0.133763 0.183022
2 0.552220 0.090813 0.133763 0.181625
2 0.197106 0.715799 0.133763 0.183022
2 0.066250 0.809629 0.132499 0.183022
2 0.187626 0.908601 0.133763 0.180228
3 0.319241 0.262965 0.133763 0.183022
3 0.323622 0.091288 0.133763 0.182575
3 0.791098 0.091371 0.133763 0.182743
