4 0.729070 0.200514 0.138760 0.183033
4 0.839535 0.289460 0.138760 0.183033
4 0.708140 0.382519 0.138760 0.183033
4 0.847287 0.473522 0.138760 0.183033
4 0.719767 0.573779 0.138760 0.183033
4 0.850388 0.664781 0.138760 0.183033
4 0.725969 0.751671 0.138760 0.183033
4 0.855039 0.849871 0.138760 0.183033
4 0.732171 0.909383 0.138760 0.178663
4 0.612403 0.840222 0.138760 0.183033
4 0.608140 0.474550 0.138760 0.183033
4 0.603876 0.294087 0.138760 0.183033
4 0.607364 0.117738 0.138760 0.183033
4 0.849612 0.107969 0.138760 0.183033
4 0.492636 0.565039 0.138760 0.183033
2 0.606977 0.663239 0.138760 0.183033
1 0.372868 0.483290 0.138760 0.183033
3 0.137984 0.841131 0.138760 0.183033
2 0.487984 0.399486 0.138760 0.183033
2 0.487597 0.223136 0.138760 0.183033
2 0.374031 0.650386 0.138760 0.183033
2 0.370930 0.107455 0.138760 0.183033
2 0.358140 0.295116 0.138760 0.183033
2 0.487984 0.908997 0.138760 0.179434
1 0.364729 0.843702 0.138760 0.183033
1 0.245736 0.194344 0.138760 0.183033
1 0.243798 0.385090 0.138760 0.183033
1 0.135659 0.287918 0.138760 0.183033
1 0.120543 0.104370 0.138760 0.183033
1 0.131783 0.657069 0.138760 0.183033
2 0.246512 0.564524 0.138760 0.183033
2 0.247674 0.735733 0.138760 0.183033
3 0.487209 0.747044 0.138760 0.183033
2 0.137597 0.477635 0.138760 0.183033
2 0.263566 0.909254 0.138760 0.178920
0 0.952616 0.745501 0.092829 0.180977
1 0.041473 0.740103 0.082946 0.173265
1 0.034884 0.195373 0.069767 0.178920
2 0.036822 0.567095 0.073643 0.165553
1 0.038760 0.908740 0.077519 0.179949
4 0.951841 0.382519 0.094380 0.178920
4 0.716279 0.090617 0.138760 0.181234
2 0.484690 0.053985 0.139147 0.107969
3 0.244767 0.051414 0.136822 0.102828
0 0.034884 0.390746 0.069767 0.185090
4 0.952422 0.575321 0.093217 0.178920
0 0.952132 0.194859 0.093798 0.180977
4 0.951841 0.910925 0.094380 0.175578
1 0.145622 0.965640 0.138213 0.066149
4 0.379911 0.961049 0.139597 0.075331
4 0.621294 0.966879 0.136136 0.063671
4 0.857278 0.966971 0.136136 0.063487
4 0.951824 0.052699 0.094414 0.105398
1 0.035662 0.047971 0.071325 0.095942
