2 0.142248 0.404627 0.127907 0.175835
0 0.734109 0.674550 0.127907 0.175835
1 0.142636 0.230334 0.127907 0.175835
1 0.139922 0.577378 0.127907 0.175835
1 0.141085 0.765039 0.127907 0.175835
1 0.261628 0.671979 0.127907 0.175835
1 0.256589 0.844216 0.127907 0.175835
1 0.377132 0.767609 0.127907 0.175835
1 0.501550 0.672494 0.127907 0.175835
1 0.494186 0.859126 0.127907 0.175835
1 0.496899 0.506941 0.127907 0.175835
1 0.382558 0.396401 0.127907 0.175835
1 0.379070 0.223136 0.127907 0.175835
1 0.491860 0.135219 0.127907 0.175835
1 0.610853 0.226221 0.127907 0.175835
1 0.610465 0.407712 0.127907 0.175835
1 0.617054 0.590231 0.127907 0.175835
1 0.620543 0.771722 0.127907 0.175835
1 0.741085 0.863753 0.127907 0.175835
1 0.730620 0.497172 0.127907 0.175835
1 0.729457 0.317738 0.127907 0.175835
1 0.729845 0.140360 0.127907 0.175835
1 0.851163 0.214910 0.127907 0.175835
1 0.849225 0.404627 0.127907 0.175835
1 0.850388 0.590231 0.127907 0.175835
1 0.852326 0.766581 0.127907 0.175835
2 0.253488 0.136761 0.127907 0.175835
2 0.261240 0.496658 0.127907 0.175835
1 0.951357 0.316710 0.095349 0.183033
1 0.951453 0.485861 0.095155 0.183033
1 0.951357 0.678663 0.095349 0.183033
1 0.951744 0.856041 0.094574 0.183033
1 0.852616 0.931748 0.130039 0.133933
1 0.618120 0.933805 0.130039 0.129820
1 0.040698 0.126221 0.081395 0.158869
2 0.259302 0.317224 0.127907 0.175835
1 0.374612 0.061183 0.128295 0.122365
1 0.605233 0.061054 0.128295 0.122108
1 0.846705 0.061054 0.128295 0.122108
0 0.953004 0.140360 0.092054 0.175835
1 0.954845 0.019923 0.088372 0.039846
1 0.037209 0.485090 0.074419 0.183548
1 0.037016 0.673779 0.074031 0.183548
1 0.037306 0.844987 0.074612 0.183548
1 0.137984 0.925964 0.125581 0.140874
2 0.377519 0.935347 0.128682 0.126735
2 0.378682 0.581491 0.127907 0.175835
2 0.486822 0.317738 0.127907 0.175835
