1 0.423407 0.089695 0.136923 0.179390
0 0.658114 0.263133 0.136923 0.180228
1 0.537159 0.175338 0.136923 0.180228
0 0.301230 0.519029 0.136923 0.180228
2 0.298070 0.166955 0.136923 0.180228
4 0.649857 0.799849 0.136923 0.180228
4 0.303505 0.886694 0.136923 0.180228
1 0.535937 0.354504 0.136923 0.180228
1 0.533999 0.529367 0.136923 0.180228
1 0.529954 0.709819 0.136923 0.180228
1 0.519590 0.893065 0.136923 0.180228
1 0.412327 0.809461 0.136923 0.180228
1 0.425135 0.608500 0.136923 0.180228
1 0.423197 0.432687 0.136923 0.180228
1 0.299082 0.349083 0.136923 0.180228
1 0.295037 0.705572 0.136923 0.180228
1 0.170922 0.795211 0.136923 0.180228
1 0.185836 0.615206 0.136923 0.180228
1 0.176525 0.442187 0.136923 0.180228
1 0.170374 0.253800 0.136923 0.180228
1 0.185288 0.089304 0.136923 0.178607
1 0.067956 0.350928 0.135912 0.180228
1 0.068145 0.529535 0.136291 0.180228
1 0.067935 0.715128 0.135870 0.180228
1 0.067724 0.895132 0.135448 0.180228
1 0.770669 0.890740 0.136923 0.180228
1 0.769506 0.699927 0.136923 0.180228
1 0.670669 0.617721 0.136923 0.180228
1 0.664518 0.436319 0.136923 0.180228
1 0.655207 0.089220 0.136923 0.178440
1 0.775110 0.180312 0.136923 0.180228
1 0.772118 0.359366 0.136923 0.180228
1 0.777553 0.531435 0.136923 0.180228
1 0.894633 0.626663 0.136923 0.180228
1 0.889535 0.809908 0.136923 0.180228
1 0.885490 0.427322 0.136923 0.180228
1 0.890925 0.279451 0.136923 0.180228
1 0.888987 0.089136 0.136923 0.178272
2 0.427789 0.263580 0.136923 0.180228
2 0.067577 0.156226 0.135153 0.180228
1 0.651154 0.951799 0.137968 0.093830
1 0.894953 0.951671 0.137968 0.094087
1 0.423247 0.951285 0.137968 0.094859
0 0.188140 0.946658 0.137521 0.104113
1 0.066376 0.040103 0.132752 0.080206
1 0.305894 0.039974 0.133561 0.079949
1 0.548917 0.040360 0.133561 0.080720
1 0.766359 0.039717 0.133561 0.079434
1 0.976260 0.173969 0.045543 0.179300
1 0.976066 0.345177 0.045930 0.179300
1 0.976260 0.703532 0.045543 0.179300
1 0.974903 0.883995 0.048256 0.179300
0 0.971086 0.519671 0.055890 0.161685
1 0.976066 0.034062 0.045930 0.068123
