1 0.437100 0.189589 0.134816 0.183022
1 0.557339 0.091064 0.134816 0.182128
1 0.674082 0.178412 0.134816 0.183022
1 0.784842 0.090785 0.134816 0.181569
1 0.781513 0.257489 0.134816 0.183022
1 0.904912 0.352716 0.134816 0.183022
1 0.899815 0.541550 0.134816 0.183022
1 0.895770 0.723399 0.134816 0.183022
1 0.779028 0.639795 0.134816 0.183022
1 0.784462 0.825835 0.134816 0.183022
1 0.662454 0.724070 0.134816 0.183022
1 0.668942 0.551051 0.134816 0.183022
1 0.553252 0.637895 0.134816 0.183022
1 0.548155 0.470465 0.134816 0.183022
1 0.547270 0.265312 0.134816 0.183022
1 0.431581 0.357746 0.134816 0.183022
1 0.426483 0.538197 0.134816 0.183022
1 0.426651 0.721443 0.134816 0.183022
1 0.539518 0.823656 0.134816 0.183022
1 0.663970 0.907455 0.134816 0.182519
1 0.307086 0.451073 0.134816 0.183022
1 0.197717 0.374455 0.134816 0.183022
1 0.203151 0.172097 0.134816 0.183022
1 0.191734 0.546748 0.134816 0.183022
1 0.188743 0.716022 0.134816 0.183022
1 0.306876 0.812647 0.134816 0.183022
1 0.429221 0.908936 0.134816 0.179557
1 0.076550 0.454035 0.134816 0.183022
1 0.078825 0.269839 0.134816 0.183022
1 0.080047 0.090868 0.134816 0.181737
1 0.073559 0.640466 0.134816 0.183022
1 0.067408 0.825109 0.134816 0.183022
1 0.195736 0.909104 0.134816 0.179222
0 0.661443 0.364955 0.134816 0.183022
3 0.318251 0.088549 0.134816 0.177098
2 0.786948 0.451576 0.134816 0.183022
0 0.905966 0.180759 0.134816 0.183022
0 0.317366 0.266207 0.134816 0.183022
0 0.303842 0.626886 0.134816 0.183022
2 0.898761 0.909132 0.134816 0.179166
1 0.916662 0.051285 0.113962 0.102571
1 0.678290 0.052314 0.113962 0.104627
0 0.439071 0.041517 0.129609 0.083033
1 0.202709 0.052744 0.113962 0.104795
1 0.063566 0.956427 0.127132 0.079949
1 0.540693 0.948502 0.113962 0.100425
1 0.779841 0.948245 0.113962 0.100939
1 0.308911 0.948117 0.113962 0.101196
