2 0.550000 0.561440 0.139535 0.175835
2 0.440310 0.643188 0.139535 0.175835
2 0.439922 0.825707 0.139535 0.175835
2 0.678295 0.653470 0.139535 0.175835
2 0.317442 0.551157 0.139535 0.175835
2 0.189147 0.459126 0.139535 0.175835
2 0.192636 0.639589 0.139535 0.175835
1 0.793411 0.201542 0.139535 0.175835
1 0.673643 0.291517 0.139535 0.175835
1 0.667054 0.117224 0.139535 0.175835
1 0.672868 0.472494 0.139535 0.175835
1 0.787984 0.563496 0.139535 0.175835
4 0.434496 0.281748 0.139535 0.175835
5 0.311240 0.369152 0.139535 0.175835
5 0.193798 0.274036 0.139535 0.175835
2 0.431783 0.464267 0.139535 0.175835
5 0.436434 0.103342 0.139535 0.175835
1 0.315891 0.734190 0.139535 0.175835
2 0.556202 0.383548 0.139535 0.175835
2 0.557364 0.195887 0.139535 0.175835
2 0.906589 0.477121 0.139535 0.175835
2 0.915504 0.652442 0.139535 0.175835
2 0.914341 0.841131 0.139535 0.175835
3 0.069283 0.363496 0.138566 0.175835
3 0.069380 0.555270 0.138760 0.175835
3 0.069574 0.740874 0.139147 0.175835
3 0.069186 0.912596 0.138372 0.172237
3 0.069574 0.191003 0.139147 0.175835
3 0.190698 0.096915 0.139535 0.175835
3 0.305814 0.191003 0.139535 0.175835
1 0.795349 0.743959 0.139535 0.175835
1 0.670155 0.834961 0.139535 0.175835
1 0.793798 0.912468 0.139535 0.172494
1 0.555426 0.735733 0.139535 0.175835
1 0.562016 0.913111 0.139535 0.171208
2 0.194186 0.819537 0.139535 0.175835
2 0.320155 0.912339 0.139535 0.172751
1 0.910853 0.287404 0.139535 0.175835
1 0.907364 0.108997 0.139535 0.175835
2 0.789147 0.385090 0.139535 0.175835
2 0.313760 0.040617 0.130620 0.081234
2 0.547481 0.040617 0.130620 0.081234
3 0.067829 0.038560 0.135659 0.077121
1 0.437403 0.965681 0.118217 0.066067
4 0.681008 0.962596 0.123256 0.072237
2 0.923256 0.968766 0.116279 0.059897
3 0.201066 0.961568 0.136628 0.074293
1 0.794961 0.051414 0.123256 0.102828
