1 0.324806 0.185090 0.134884 0.195373
1 0.092636 0.553728 0.134884 0.195373
1 0.201550 0.646787 0.134884 0.195373
1 0.097287 0.725450 0.134884 0.195373
1 0.087597 0.903085 0.134884 0.191260
1 0.557752 0.722622 0.134884 0.195373
1 0.672093 0.812596 0.134884 0.195373
1 0.797287 0.550900 0.134884 0.195373
1 0.797674 0.371465 0.134884 0.195373
1 0.798837 0.192031 0.134884 0.195373
1 0.914729 0.277892 0.134884 0.195373
1 0.915116 0.097558 0.134884 0.195116
1 0.915891 0.465553 0.134884 0.195373
1 0.903876 0.823907 0.134884 0.195373
1 0.790310 0.902956 0.134884 0.191517
1 0.326357 0.558869 0.134884 0.195373
1 0.087984 0.362982 0.134884 0.195373
1 0.329457 0.902314 0.134884 0.192802
0 0.445349 0.816710 0.134884 0.195373
2 0.443798 0.465039 0.134884 0.195373
1 0.556977 0.902314 0.134884 0.192802
1 0.798450 0.737789 0.134884 0.195373
2 0.669767 0.642416 0.134884 0.195373
2 0.674806 0.464010 0.134884 0.195373
2 0.683721 0.288689 0.134884 0.195373
2 0.562403 0.185347 0.134884 0.195373
2 0.560465 0.535476 0.134884 0.195373
2 0.318992 0.369409 0.134884 0.195373
2 0.205426 0.464524 0.134884 0.195373
2 0.328295 0.720051 0.134884 0.195373
3 0.092829 0.185347 0.134884 0.195373
2 0.212791 0.285090 0.134884 0.195373
2 0.206977 0.096530 0.134884 0.193059
2 0.201938 0.822879 0.134884 0.195373
2 0.439535 0.645501 0.134884 0.195373
1 0.912016 0.639589 0.134884 0.195373
2 0.562016 0.357584 0.134884 0.195373
2 0.444574 0.288175 0.134884 0.195373
2 0.452713 0.101542 0.134884 0.195373
2 0.563372 0.043702 0.130620 0.087404
2 0.680233 0.103085 0.134884 0.195373
2 0.797093 0.043702 0.130620 0.087404
2 0.329264 0.043830 0.130620 0.087661
5 0.093992 0.043702 0.130620 0.087404
1 0.206977 0.964653 0.125581 0.068123
1 0.443798 0.965039 0.125581 0.067352
1 0.673643 0.964910 0.125581 0.067609
1 0.901938 0.964396 0.125581 0.068638
1 0.983915 0.357969 0.030233 0.164781
1 0.984109 0.183676 0.029845 0.164781
1 0.015891 0.100900 0.031783 0.164781
1 0.020155 0.466067 0.040310 0.166067
1 0.018605 0.837018 0.037209 0.166581
3 0.023643 0.275964 0.047287 0.188432
3 0.021318 0.650000 0.042636 0.180720
1 0.984205 0.547686 0.029651 0.164781
