3 0.392248 0.206170 0.137984 0.175835
3 0.517442 0.295116 0.137984 0.175835
3 0.388372 0.389203 0.137984 0.175835
3 0.512016 0.481234 0.137984 0.175835
3 0.637984 0.209254 0.137984 0.175835
3 0.385659 0.562468 0.137984 0.175835
3 0.254264 0.475578 0.137984 0.175835
3 0.253101 0.844216 0.137984 0.175835
0 0.254264 0.653470 0.137984 0.175835
2 0.644186 0.571208 0.137984 0.175835
4 0.113178 0.566067 0.137984 0.175835
2 0.636047 0.390746 0.137984 0.175835
2 0.761240 0.303856 0.137984 0.175835
2 0.879457 0.210797 0.137984 0.175835
2 0.888372 0.393316 0.137984 0.175835
2 0.756977 0.663239 0.137984 0.175835
2 0.888372 0.581491 0.137984 0.175835
2 0.883333 0.760925 0.137984 0.175835
2 0.762791 0.849871 0.137984 0.175835
2 0.641473 0.750643 0.137984 0.175835
2 0.517829 0.656555 0.137984 0.175835
2 0.389535 0.747558 0.137984 0.175835
4 0.114341 0.384576 0.137984 0.175835
4 0.255039 0.290488 0.137984 0.175835
4 0.113566 0.748586 0.137984 0.175835
0 0.516667 0.842159 0.137984 0.175835
0 0.111628 0.196915 0.137984 0.175835
3 0.252326 0.100771 0.137984 0.175835
2 0.517829 0.111568 0.137984 0.175835
2 0.643798 0.050386 0.124806 0.100771
3 0.765116 0.120823 0.137984 0.175835
3 0.122481 0.921208 0.139535 0.155013
4 0.376744 0.927635 0.117829 0.142159
3 0.642442 0.923008 0.128295 0.151414
2 0.884496 0.050000 0.124806 0.100000
0 0.113760 0.048329 0.133721 0.096658
3 0.391860 0.051928 0.135659 0.103856
3 0.882752 0.924036 0.125194 0.149357
3 0.257171 0.968766 0.137597 0.059897
3 0.514147 0.968509 0.137597 0.060411
3 0.753295 0.968123 0.137597 0.061183
4 0.018992 0.276093 0.037984 0.169666
3 0.023256 0.477121 0.046512 0.174807
0 0.025194 0.657841 0.050388 0.167095
3 0.026744 0.842931 0.053488 0.177378
3 0.026744 0.101028 0.053488 0.177378
3 0.973256 0.123136 0.051550 0.177378
3 0.972771 0.302571 0.052519 0.177378
3 0.972771 0.491260 0.052519 0.177378
3 0.972965 0.678406 0.052132 0.177378
3 0.973159 0.845501 0.051744 0.177378
