2 0.354651 0.227249 0.134109 0.178920
2 0.589922 0.226735 0.134109 0.178920
2 0.705039 0.316710 0.134109 0.178920
2 0.468217 0.306941 0.134109 0.178920
2 0.476357 0.504884 0.134109 0.178920
2 0.707752 0.497172 0.134109 0.178920
2 0.591085 0.594344 0.134109 0.178920
2 0.707752 0.673008 0.134109 0.178920
2 0.833721 0.583033 0.134109 0.178920
2 0.470543 0.678149 0.134109 0.178920
2 0.592636 0.769152 0.134109 0.178920
2 0.465116 0.863239 0.134109 0.178920
2 0.234496 0.496658 0.134109 0.178920
2 0.121705 0.588689 0.134109 0.178920
2 0.243798 0.319794 0.134109 0.178920
2 0.823256 0.219537 0.134109 0.178920
2 0.117054 0.221594 0.134109 0.178920
2 0.351550 0.405141 0.134109 0.178920
2 0.720155 0.858098 0.134109 0.178920
1 0.469380 0.139846 0.134109 0.178920
1 0.827132 0.399486 0.134109 0.178920
1 0.839147 0.767095 0.134109 0.178920
1 0.947965 0.860925 0.102132 0.165039
1 0.356783 0.590231 0.134109 0.178920
1 0.357171 0.779949 0.134109 0.178920
1 0.241279 0.685861 0.134109 0.178920
1 0.238566 0.858869 0.134109 0.178920
3 0.593217 0.396658 0.134109 0.178920
3 0.117636 0.409512 0.134109 0.178920
3 0.127326 0.767866 0.134109 0.178920
4 0.706008 0.139075 0.134109 0.178920
1 0.597965 0.932262 0.127713 0.132905
2 0.125969 0.060668 0.127907 0.121337
1 0.127422 0.930206 0.121124 0.137018
2 0.948353 0.675064 0.101357 0.171722
2 0.947093 0.498458 0.103876 0.176350
2 0.835659 0.911054 0.134109 0.175321
2 0.033818 0.320566 0.067636 0.171208
2 0.033624 0.503085 0.067248 0.171208
2 0.033818 0.693830 0.067636 0.171208
3 0.035271 0.873136 0.070543 0.182776
3 0.035368 0.127121 0.070736 0.182776
3 0.247481 0.127249 0.134109 0.178920
2 0.347868 0.067352 0.122868 0.134704
2 0.586822 0.064267 0.125581 0.128535
3 0.946318 0.136632 0.105426 0.179177
3 0.828198 0.062468 0.129651 0.124936
3 0.362888 0.939974 0.133527 0.117481
3 0.946124 0.314010 0.105814 0.179177
