2 0.215504 0.379434 0.133333 0.176864
5 0.215116 0.558869 0.133333 0.176864
5 0.095349 0.463753 0.133333 0.176864
5 0.091085 0.648329 0.133333 0.176864
5 0.096899 0.827763 0.133333 0.176864
5 0.925194 0.209254 0.133333 0.176864
5 0.096124 0.108997 0.133333 0.176864
1 0.339922 0.471465 0.133333 0.176864
1 0.456589 0.389717 0.133333 0.176864
1 0.577132 0.474550 0.133333 0.176864
1 0.455814 0.569666 0.133333 0.176864
1 0.577907 0.299743 0.133333 0.176864
1 0.579070 0.111054 0.133333 0.176864
1 0.698837 0.209254 0.133333 0.176864
1 0.696124 0.395887 0.133333 0.176864
1 0.700388 0.575321 0.133333 0.176864
1 0.695349 0.912082 0.133333 0.173265
1 0.696512 0.736504 0.133333 0.176864
1 0.820930 0.840874 0.133333 0.176864
1 0.817442 0.656298 0.133333 0.176864
1 0.815504 0.486118 0.133333 0.176864
1 0.810465 0.304627 0.133333 0.176864
1 0.816279 0.125193 0.133333 0.176864
1 0.933818 0.385861 0.130426 0.176864
1 0.933624 0.755527 0.130814 0.176864
1 0.935562 0.928663 0.126938 0.140103
0 0.215116 0.741902 0.133333 0.176864
3 0.090310 0.281234 0.133333 0.176864
2 0.214341 0.201028 0.133333 0.176864
2 0.459690 0.205656 0.133333 0.176864
2 0.460078 0.912211 0.133333 0.173008
2 0.453488 0.750129 0.133333 0.176864
2 0.574031 0.656041 0.133333 0.176864
2 0.575969 0.843702 0.133333 0.176864
2 0.338372 0.656041 0.133333 0.176864
3 0.933624 0.577892 0.130814 0.176864
3 0.337597 0.842674 0.133333 0.176864
3 0.090310 0.963111 0.124806 0.071208
2 0.337597 0.112596 0.133333 0.176864
1 0.933818 0.055913 0.130426 0.111825
1 0.688566 0.056941 0.117442 0.113882
1 0.464147 0.057069 0.117442 0.114139
0 0.207364 0.051414 0.129457 0.102828
2 0.222868 0.925064 0.126357 0.147301
2 0.578101 0.967738 0.126744 0.061954
4 0.332946 0.297686 0.133333 0.176864
