1 0.502713 0.164524 0.123256 0.183033
1 0.615504 0.237018 0.123256 0.183033
1 0.504264 0.337275 0.123256 0.183033
1 0.623256 0.416967 0.123256 0.183033
1 0.739922 0.524422 0.123256 0.183033
1 0.857364 0.429306 0.123256 0.183033
1 0.865504 0.263239 0.123256 0.183033
1 0.859690 0.091131 0.123256 0.182262
1 0.866279 0.607455 0.123256 0.183033
1 0.858140 0.794087 0.123256 0.183033
1 0.743798 0.707198 0.123256 0.183033
1 0.747287 0.883548 0.123256 0.183033
1 0.628295 0.604370 0.123256 0.183033
1 0.629457 0.796144 0.123256 0.183033
1 0.505039 0.523136 0.123256 0.183033
1 0.506202 0.706684 0.123256 0.183033
1 0.499612 0.875835 0.123256 0.183033
1 0.386822 0.803342 0.123256 0.183033
1 0.387209 0.613625 0.123256 0.183033
1 0.383721 0.433162 0.123256 0.183033
1 0.392636 0.257841 0.123256 0.183033
1 0.271899 0.164653 0.115116 0.172494
1 0.260853 0.536504 0.123256 0.183033
1 0.262016 0.723136 0.123256 0.183033
1 0.261628 0.895373 0.123256 0.183033
1 0.737984 0.341388 0.123256 0.183033
2 0.147674 0.257584 0.123256 0.183033
0 0.740310 0.159383 0.123256 0.183033
1 0.143411 0.450643 0.123256 0.183033
1 0.151938 0.798843 0.120930 0.166838
2 0.268217 0.344473 0.123256 0.183033
3 0.153488 0.627249 0.123256 0.183033
1 0.959205 0.164396 0.079651 0.182776
1 0.628585 0.946658 0.117636 0.104113
2 0.046512 0.168638 0.093023 0.174807
2 0.149419 0.077635 0.125969 0.155270
3 0.386434 0.079177 0.135659 0.158355
1 0.620349 0.071979 0.117442 0.143959
1 0.959496 0.354113 0.079070 0.182776
1 0.959593 0.535604 0.078876 0.182776
1 0.959496 0.722237 0.079070 0.182776
1 0.959787 0.035990 0.078488 0.071979
1 0.959496 0.887275 0.079070 0.182776
1 0.270155 0.029306 0.115504 0.058612
3 0.737791 0.038303 0.121318 0.076607
1 0.387112 0.946915 0.117636 0.103599
1 0.860368 0.947558 0.117636 0.102314
2 0.046221 0.351157 0.092442 0.174807
2 0.046124 0.537789 0.092248 0.174807
2 0.048062 0.712082 0.093798 0.174807
2 0.046415 0.890488 0.092829 0.174807
