4 0.593023 0.730077 0.137984 0.205656
3 0.349225 0.495116 0.137984 0.205656
4 0.715891 0.842674 0.137984 0.205656
4 0.828682 0.737275 0.137984 0.205656
4 0.931589 0.633933 0.134884 0.205656
3 0.480620 0.622108 0.137984 0.205656
3 0.472481 0.841645 0.137984 0.205656
3 0.344961 0.699229 0.137984 0.205656
3 0.362403 0.897558 0.137984 0.202314
3 0.227907 0.819537 0.137984 0.205656
3 0.231395 0.583548 0.137984 0.205656
3 0.215504 0.370180 0.137984 0.205656
3 0.115116 0.501285 0.137984 0.205656
3 0.118605 0.711568 0.137984 0.205656
3 0.125194 0.897686 0.137984 0.202057
3 0.402713 0.335733 0.137984 0.205656
3 0.520155 0.422622 0.114729 0.172751
3 0.622093 0.515681 0.114729 0.172751
3 0.728682 0.649871 0.114729 0.172751
3 0.942829 0.855913 0.112403 0.203342
4 0.841279 0.923522 0.138372 0.150386
4 0.588178 0.924165 0.138372 0.149100
3 0.027132 0.601028 0.054264 0.188175
3 0.036822 0.812596 0.073643 0.201028
3 0.037016 0.356555 0.074031 0.201028
3 0.235659 0.964653 0.120930 0.068123
