1 0.207171 0.157326 0.124031 0.191260
0 0.329845 0.251157 0.132946 0.192802
2 0.797481 0.094859 0.124031 0.189717
2 0.096318 0.802057 0.124031 0.191260
1 0.208333 0.344987 0.124031 0.191260
1 0.085465 0.258098 0.124031 0.191260
1 0.088953 0.450900 0.124031 0.191260
1 0.094767 0.612853 0.124031 0.191260
1 0.209690 0.521594 0.125969 0.200000
1 0.217248 0.702314 0.124031 0.191260
1 0.219186 0.891003 0.124031 0.191260
0 0.340891 0.806170 0.134109 0.203599
1 0.335465 0.448843 0.135659 0.198458
1 0.451357 0.351671 0.135659 0.198458
1 0.452519 0.543445 0.135659 0.198458
1 0.455233 0.728021 0.135659 0.198458
1 0.455620 0.900771 0.135659 0.195887
1 0.576163 0.793573 0.135659 0.198458
1 0.571124 0.621337 0.135659 0.198458
1 0.572287 0.440874 0.135659 0.198458
1 0.558721 0.261440 0.135659 0.198458
1 0.681589 0.167352 0.135659 0.198458
1 0.684302 0.356041 0.135659 0.198458
1 0.687016 0.530334 0.135659 0.198458
1 0.685853 0.707712 0.135659 0.198458
1 0.685465 0.894344 0.135659 0.198458
1 0.796705 0.250129 0.135659 0.198458
1 0.802519 0.437789 0.135659 0.198458
1 0.803682 0.619280 0.135659 0.198458
1 0.799419 0.803856 0.135659 0.198458
1 0.918411 0.711825 0.135659 0.198458
1 0.928101 0.871722 0.135659 0.198458
1 0.917636 0.516452 0.135659 0.198458
1 0.918798 0.162211 0.135659 0.198458
3 0.918992 0.347815 0.134496 0.203085
2 0.328198 0.623907 0.132752 0.202057
1 0.440891 0.162982 0.135659 0.198458
1 0.087016 0.098715 0.135659 0.197429
1 0.326163 0.098715 0.135659 0.197429
1 0.555233 0.098843 0.135659 0.197686
1 0.809012 0.954370 0.138953 0.088689
1 0.675775 0.032391 0.125969 0.064781
1 0.444574 0.030848 0.129457 0.061697
1 0.208721 0.031491 0.125969 0.062982
1 0.908333 0.032134 0.125969 0.064267
