4 0.097287 0.693573 0.121705 0.179949
4 0.333333 0.885347 0.141085 0.187147
2 0.343798 0.156812 0.141085 0.187147
2 0.464341 0.252956 0.141085 0.187147
2 0.464729 0.603085 0.141085 0.187147
1 0.576357 0.151671 0.141085 0.187147
5 0.693217 0.076992 0.124419 0.153985
3 0.095930 0.889717 0.123643 0.175321
2 0.218411 0.605398 0.125194 0.176350
2 0.336434 0.684833 0.141085 0.187147
2 0.225775 0.424936 0.123643 0.170180
2 0.212016 0.788689 0.126357 0.183033
2 0.578682 0.338817 0.141085 0.187147
2 0.461628 0.780977 0.141085 0.187147
2 0.577519 0.879177 0.141085 0.187147
2 0.700000 0.249871 0.141085 0.187147
2 0.818217 0.508483 0.141085 0.187147
1 0.699225 0.421594 0.141085 0.187147
1 0.703488 0.596915 0.141085 0.187147
1 0.700000 0.794859 0.141085 0.187147
1 0.813566 0.694602 0.141085 0.187147
1 0.818605 0.333162 0.141085 0.187147
1 0.820543 0.158869 0.141085 0.187147
1 0.930039 0.256041 0.137984 0.187147
1 0.930039 0.619537 0.137984 0.187147
1 0.928682 0.790746 0.140698 0.187147
2 0.930039 0.426735 0.137984 0.187147
3 0.342636 0.508997 0.141085 0.187147
1 0.935950 0.079949 0.126163 0.159897
1 0.932074 0.944602 0.133915 0.108226
2 0.815698 0.873779 0.128295 0.175321
2 0.579070 0.703342 0.141085 0.187147
2 0.341860 0.328021 0.141085 0.187147
2 0.222868 0.242159 0.141085 0.187147
2 0.229457 0.078663 0.133333 0.157326
2 0.103488 0.145758 0.141085 0.187147
2 0.097287 0.327506 0.126357 0.167609
2 0.094767 0.507326 0.129070 0.177635
2 0.466667 0.076607 0.136434 0.153213
2 0.460659 0.431105 0.132946 0.168123
2 0.581977 0.516967 0.132946 0.168123
2 0.456589 0.940488 0.136434 0.116452
2 0.693411 0.940231 0.136434 0.116967
1 0.818023 0.030334 0.109690 0.060668
2 0.017539 0.782262 0.035078 0.160925
4 0.017829 0.432134 0.035659 0.164010
