5 0.203488 0.235476 0.129457 0.187147
3 0.437209 0.225707 0.129457 0.187147
4 0.797287 0.135733 0.129457 0.187147
1 0.915891 0.405141 0.129457 0.187147
1 0.924031 0.594859 0.129457 0.187147
1 0.929070 0.766067 0.129457 0.187147
1 0.800775 0.860154 0.129457 0.187147
1 0.681008 0.595373 0.129457 0.187147
1 0.802713 0.320823 0.129457 0.187147
1 0.922481 0.225707 0.129457 0.187147
2 0.694186 0.415424 0.129457 0.187147
2 0.671318 0.238046 0.129457 0.187147
2 0.553876 0.143959 0.129457 0.187147
2 0.562791 0.498201 0.129457 0.187147
2 0.566279 0.680720 0.129457 0.187147
2 0.681395 0.784062 0.129457 0.187147
2 0.434496 0.610797 0.129457 0.187147
2 0.448062 0.784062 0.129457 0.187147
2 0.323643 0.336247 0.129457 0.187147
2 0.323256 0.506427 0.129457 0.187147
2 0.322093 0.692031 0.129457 0.187147
2 0.324031 0.140360 0.129457 0.187147
2 0.561628 0.299229 0.129457 0.187147
3 0.438372 0.414396 0.129457 0.187147
3 0.195349 0.419023 0.129457 0.187147
3 0.200388 0.790746 0.129457 0.187147
3 0.089147 0.694602 0.129457 0.187147
3 0.081783 0.512082 0.129457 0.187147
3 0.077519 0.331620 0.129457 0.187147
3 0.083333 0.138817 0.129457 0.187147
3 0.324031 0.872494 0.129457 0.187147
3 0.562403 0.881234 0.129457 0.187147
3 0.198062 0.606684 0.129457 0.187147
3 0.803876 0.685347 0.129457 0.187147
3 0.800388 0.495630 0.129457 0.187147
1 0.090698 0.866324 0.129457 0.187147
2 0.679264 0.060283 0.118992 0.120566
2 0.913760 0.060668 0.118992 0.121337
2 0.429651 0.060411 0.118992 0.120823
2 0.202907 0.060540 0.118992 0.121080
3 0.212984 0.939717 0.126744 0.117995
3 0.449031 0.939974 0.126744 0.117481
2 0.690504 0.939332 0.118992 0.118766
2 0.930233 0.938946 0.127132 0.119537
