5 0.275194 0.203599 0.139535 0.176864
3 0.272481 0.560925 0.139535 0.176864
0 0.503488 0.389203 0.139535 0.176864
0 0.398450 0.655013 0.139535 0.176864
1 0.285659 0.382005 0.139535 0.176864
1 0.395349 0.476093 0.139535 0.176864
1 0.393411 0.311054 0.139535 0.176864
1 0.391473 0.125450 0.139535 0.176864
1 0.512791 0.206170 0.139535 0.176864
1 0.153488 0.122365 0.139535 0.176864
1 0.156977 0.300771 0.139535 0.176864
1 0.168217 0.478149 0.139535 0.176864
1 0.153101 0.655527 0.139535 0.176864
1 0.155039 0.831877 0.139535 0.176864
1 0.273256 0.743959 0.139535 0.176864
1 0.393798 0.837018 0.139535 0.176864
1 0.521318 0.743959 0.139535 0.176864
1 0.516279 0.590231 0.139535 0.176864
1 0.622093 0.841645 0.139535 0.176864
1 0.626357 0.662211 0.139535 0.176864
1 0.625969 0.476607 0.139535 0.176864
1 0.633333 0.294087 0.139535 0.176864
1 0.631395 0.117738 0.139535 0.176864
1 0.746512 0.216967 0.139535 0.176864
1 0.750000 0.385090 0.139535 0.176864
1 0.750388 0.560411 0.139535 0.176864
1 0.743023 0.748072 0.139535 0.176864
1 0.879070 0.849357 0.139535 0.176864
1 0.872481 0.653470 0.139535 0.176864
1 0.866667 0.485347 0.139535 0.176864
1 0.861628 0.300771 0.139535 0.176864
1 0.862016 0.117224 0.139535 0.176864
1 0.506202 0.055527 0.133333 0.111054
1 0.734496 0.055656 0.133333 0.111311
1 0.275194 0.056170 0.133333 0.112339
1 0.044186 0.390617 0.088372 0.158612
1 0.043992 0.209126 0.087984 0.158612
1 0.044089 0.559254 0.088178 0.158612
1 0.043992 0.742802 0.087984 0.158612
1 0.046221 0.916067 0.088953 0.158612
1 0.277713 0.924550 0.105814 0.148329
1 0.509690 0.925064 0.121705 0.147301
1 0.753488 0.924807 0.121705 0.147815
1 0.629457 0.969794 0.120930 0.057841
1 0.394961 0.969923 0.120930 0.057584
1 0.867442 0.970180 0.120930 0.057069
1 0.955911 0.060411 0.086240 0.120823
1 0.960368 0.209383 0.077326 0.159640
1 0.959593 0.388560 0.078876 0.166324
1 0.959787 0.578278 0.078488 0.166324
1 0.959496 0.751542 0.079070 0.166324
1 0.961919 0.923008 0.074225 0.151414
1 0.039147 0.039075 0.078295 0.078149
