2 0.141473 0.162982 0.134109 0.179949
1 0.379070 0.337275 0.134109 0.179949
3 0.260465 0.255013 0.134109 0.179949
4 0.842636 0.333162 0.134109 0.179949
1 0.135271 0.521851 0.134109 0.179949
1 0.262016 0.424679 0.134109 0.179949
1 0.246899 0.621594 0.134109 0.179949
1 0.248837 0.786632 0.134109 0.179949
1 0.493411 0.608226 0.134109 0.179949
1 0.487597 0.801028 0.134109 0.179949
1 0.371705 0.879692 0.134109 0.179949
1 0.610078 0.693059 0.134109 0.179949
1 0.605039 0.876607 0.134109 0.179949
1 0.723256 0.778406 0.134109 0.179949
1 0.726744 0.613368 0.134109 0.179949
1 0.620930 0.337275 0.134109 0.179949
1 0.723643 0.425193 0.134109 0.179949
1 0.727907 0.252956 0.134109 0.179949
1 0.616667 0.161954 0.134109 0.179949
1 0.506202 0.249871 0.134109 0.179949
1 0.840698 0.152699 0.134109 0.179949
1 0.843411 0.515167 0.134109 0.179949
1 0.846899 0.702828 0.134109 0.179949
1 0.847287 0.864781 0.134109 0.179949
1 0.495736 0.426221 0.134109 0.179949
4 0.606589 0.523907 0.134109 0.179949
3 0.139922 0.348072 0.134109 0.179949
3 0.371318 0.513111 0.134109 0.179949
2 0.371318 0.697172 0.134109 0.179949
1 0.372481 0.160925 0.134109 0.179949
1 0.043023 0.427249 0.086047 0.179949
1 0.043120 0.605656 0.086240 0.179949
2 0.136822 0.694087 0.112403 0.162468
1 0.134690 0.876864 0.108140 0.159897
1 0.257364 0.947686 0.119380 0.102057
1 0.612888 0.030334 0.123062 0.060668
1 0.848934 0.029949 0.123062 0.059897
1 0.372093 0.986375 0.113178 0.024679
1 0.950581 0.423907 0.094961 0.162982
4 0.949322 0.247815 0.099419 0.160411
0 0.949128 0.610797 0.099806 0.160411
0 0.948934 0.081748 0.100194 0.160411
1 0.953004 0.791517 0.092054 0.162982
1 0.954167 0.943059 0.089729 0.111311
4 0.742442 0.082262 0.121318 0.164524
0 0.494574 0.070951 0.110078 0.141902
0 0.369186 0.024679 0.100388 0.049357
3 0.256977 0.077121 0.126357 0.154242
3 0.036047 0.073008 0.072093 0.146015
2 0.497674 0.944344 0.113178 0.108740
2 0.063469 0.981105 0.057171 0.035219
2 0.061531 0.979049 0.057171 0.036247
2 0.753682 0.948329 0.051550 0.097172
