2 0.072868 0.240103 0.143411 0.205656
2 0.071415 0.420566 0.142829 0.205656
2 0.316473 0.232905 0.143411 0.205656
2 0.443217 0.346530 0.143411 0.205656
2 0.428198 0.157069 0.117248 0.169152
2 0.550775 0.078792 0.127907 0.152956
2 0.542829 0.262468 0.143411 0.205656
2 0.664826 0.159254 0.126550 0.184833
2 0.551357 0.443445 0.143411 0.205656
2 0.548643 0.619794 0.143411 0.205656
2 0.450581 0.519537 0.143411 0.205656
2 0.314535 0.617738 0.143411 0.205656
2 0.449031 0.722108 0.143411 0.205656
2 0.433430 0.893573 0.135078 0.174807
2 0.554457 0.809512 0.143411 0.205656
2 0.910659 0.541645 0.143411 0.205656
2 0.907171 0.342674 0.143411 0.205656
2 0.788178 0.448072 0.143411 0.205656
2 0.783915 0.617224 0.143411 0.205656
0 0.076163 0.795116 0.143411 0.205656
1 0.776938 0.264524 0.143411 0.205656
4 0.673062 0.345758 0.143411 0.205656
2 0.678488 0.540103 0.143411 0.205656
3 0.306395 0.430077 0.143411 0.205656
3 0.202132 0.527249 0.143411 0.205656
3 0.194767 0.339589 0.143411 0.205656
3 0.192829 0.722622 0.143411 0.205656
3 0.078101 0.614653 0.143411 0.205656
3 0.320349 0.820823 0.143411 0.205656
3 0.671899 0.898329 0.143411 0.200771
3 0.780911 0.080206 0.125000 0.160411
2 0.787403 0.796658 0.143411 0.205656
1 0.912209 0.897943 0.143411 0.201542
2 0.907946 0.724165 0.143411 0.205656
1 0.899128 0.167481 0.128488 0.182776
1 0.668508 0.716581 0.129264 0.164267
2 0.200678 0.880206 0.130426 0.174807
2 0.561047 0.956941 0.117442 0.083548
3 0.322190 0.947429 0.115698 0.102571
2 0.077713 0.956941 0.117442 0.083548
2 0.191085 0.033419 0.117054 0.066838
2 0.312888 0.072108 0.124612 0.144216
2 0.903101 0.033805 0.117054 0.067609
3 0.671124 0.028792 0.124419 0.057584
3 0.433527 0.029177 0.124419 0.058355
3 0.069767 0.072494 0.139535 0.144987
2 0.196802 0.158612 0.117248 0.169152
