0 0.113953 0.285861 0.164341 0.199486
0 0.254651 0.194859 0.164341 0.199486
0 0.375194 0.278663 0.164341 0.199486
0 0.250775 0.551671 0.164341 0.199486
0 0.112403 0.825707 0.164341 0.199486
0 0.253101 0.900900 0.164341 0.195630
2 0.757752 0.929692 0.132558 0.138046
4 0.894574 0.134704 0.134884 0.187147
3 0.763178 0.396401 0.127907 0.179949
3 0.762984 0.583290 0.132171 0.181491
2 0.884690 0.852185 0.128295 0.177378
2 0.878876 0.669666 0.128295 0.177378
2 0.887016 0.495373 0.128295 0.177378
2 0.884302 0.329306 0.128295 0.177378
2 0.767636 0.762725 0.128295 0.177378
2 0.654070 0.851671 0.128295 0.177378
2 0.654457 0.674293 0.128295 0.177378
2 0.645543 0.502057 0.128295 0.177378
3 0.512984 0.909254 0.132171 0.178920
3 0.511047 0.745501 0.132171 0.181491
3 0.509109 0.559897 0.132171 0.181491
3 0.515698 0.397943 0.132171 0.181491
3 0.519961 0.218509 0.132171 0.181491
3 0.389341 0.471979 0.132171 0.181491
3 0.383527 0.658612 0.132171 0.181491
3 0.390116 0.842159 0.132171 0.181491
3 0.262597 0.735733 0.132171 0.181491
3 0.257558 0.380463 0.132171 0.181491
3 0.112209 0.651414 0.132171 0.181491
3 0.113372 0.469923 0.132171 0.181491
3 0.122287 0.114653 0.132171 0.181491
3 0.253876 0.045244 0.129457 0.090488
3 0.389341 0.090103 0.132171 0.180206
3 0.520349 0.051414 0.129845 0.102828
3 0.647481 0.118252 0.132171 0.181491
4 0.639922 0.302828 0.134884 0.187147
4 0.755814 0.214910 0.134884 0.187147
4 0.754457 0.064267 0.126744 0.128535
3 0.972674 0.225578 0.052713 0.169409
3 0.972771 0.398843 0.052519 0.169409
3 0.972771 0.594730 0.052519 0.169409
3 0.972771 0.766967 0.052519 0.169409
2 0.975097 0.933290 0.047868 0.130848
3 0.972578 0.059126 0.052907 0.118252
4 0.636822 0.974936 0.117054 0.047558
3 0.396512 0.968895 0.129457 0.059640
3 0.112403 0.969280 0.129457 0.058869
0 0.023643 0.751157 0.047287 0.192288
0 0.023450 0.932519 0.046899 0.132391
3 0.027132 0.556684 0.054264 0.169409
3 0.026938 0.388560 0.053876 0.169409
3 0.027326 0.206041 0.054651 0.169409
3 0.022481 0.056041 0.044961 0.112082
