1 0.428295 0.167095 0.138760 0.198458
1 0.420930 0.344473 0.138760 0.198458
1 0.539922 0.426221 0.138760 0.198458
1 0.650388 0.529563 0.138760 0.198458
1 0.781008 0.620566 0.138760 0.198458
1 0.889147 0.703342 0.138760 0.198458
1 0.772481 0.782005 0.138760 0.198458
1 0.657364 0.705398 0.138760 0.198458
1 0.538372 0.604113 0.138760 0.198458
1 0.669767 0.876093 0.138760 0.198458
1 0.312791 0.782005 0.138760 0.198458
1 0.300775 0.605656 0.138760 0.198458
1 0.304264 0.445758 0.138760 0.198458
1 0.301550 0.255013 0.138760 0.198458
1 0.315504 0.085861 0.125581 0.171722
1 0.190698 0.152442 0.138760 0.198458
1 0.186434 0.526221 0.138760 0.198458
1 0.186047 0.690231 0.138760 0.198458
1 0.187984 0.882005 0.138760 0.198458
1 0.431008 0.866067 0.138760 0.198458
1 0.070446 0.778021 0.125775 0.177635
1 0.068798 0.428021 0.137597 0.198458
1 0.540698 0.089332 0.131008 0.178663
1 0.893798 0.167352 0.138760 0.198458
3 0.656977 0.334447 0.138760 0.198458
4 0.656589 0.160154 0.138760 0.198458
4 0.534496 0.254242 0.138760 0.198458
4 0.418605 0.545758 0.138760 0.198458
4 0.543798 0.787918 0.138760 0.198458
4 0.199225 0.343188 0.138760 0.198458
4 0.068702 0.242931 0.137403 0.198458
4 0.769767 0.259897 0.138760 0.198458
0 0.779845 0.449100 0.138760 0.198458
0 0.886434 0.531877 0.138760 0.198458
0 0.767248 0.078149 0.129070 0.156298
0 0.901938 0.874036 0.138760 0.198458
0 0.427132 0.690488 0.138760 0.198458
0 0.069380 0.610540 0.137209 0.164010
0 0.066279 0.073008 0.132558 0.146015
3 0.900000 0.337018 0.138760 0.198458
1 0.072975 0.938946 0.128897 0.119537
0 0.310565 0.937918 0.117255 0.121594
0 0.537843 0.944087 0.119096 0.109254
4 0.772879 0.943573 0.120951 0.110283
1 0.975706 0.098017 0.046650 0.196034
1 0.975516 0.250170 0.047031 0.197549
1 0.975966 0.434663 0.046131 0.197549
1 0.975602 0.607680 0.046858 0.197549
1 0.975204 0.794468 0.047654 0.197549
