1 0.588372 0.195887 0.122481 0.175835
1 0.708915 0.112082 0.122481 0.175835
1 0.833333 0.197943 0.122481 0.175835
1 0.701163 0.295116 0.122481 0.175835
1 0.813953 0.387147 0.122481 0.175835
1 0.829845 0.559383 0.122481 0.175835
1 0.939147 0.287404 0.119767 0.175835
1 0.934690 0.649871 0.122481 0.175835
1 0.939341 0.831362 0.119380 0.175835
1 0.833527 0.737275 0.122481 0.175835
1 0.826163 0.912853 0.122481 0.171722
1 0.705620 0.844473 0.122481 0.175835
1 0.709109 0.642416 0.122481 0.175835
1 0.701744 0.466067 0.122481 0.175835
1 0.585078 0.393573 0.122481 0.175835
1 0.587791 0.565810 0.122481 0.175835
1 0.580426 0.738046 0.122481 0.175835
1 0.589341 0.912211 0.122481 0.173008
1 0.463372 0.482262 0.122481 0.175835
1 0.467636 0.107455 0.122481 0.175835
3 0.226163 0.281748 0.122481 0.175835
2 0.459884 0.278149 0.122481 0.175835
2 0.456395 0.652956 0.122481 0.175835
2 0.350581 0.566067 0.122481 0.175835
2 0.347093 0.734190 0.122481 0.175835
2 0.353682 0.912596 0.122481 0.172237
2 0.237016 0.637275 0.122481 0.175835
2 0.230426 0.099229 0.122481 0.175835
5 0.100194 0.370694 0.122481 0.175835
5 0.237016 0.455527 0.122481 0.175835
5 0.096318 0.546530 0.122481 0.175835
5 0.100581 0.733162 0.122481 0.175835
4 0.349031 0.375835 0.122481 0.175835
4 0.225388 0.819537 0.122481 0.175835
4 0.097868 0.912211 0.122481 0.173008
2 0.345543 0.194344 0.122481 0.175835
1 0.463760 0.830334 0.122481 0.175835
1 0.939244 0.108483 0.119574 0.175835
0 0.938566 0.477121 0.120930 0.175835
1 0.831395 0.049357 0.131008 0.098715
1 0.594574 0.049357 0.131008 0.098715
3 0.352229 0.041645 0.121899 0.083290
3 0.094477 0.040874 0.121899 0.081748
2 0.102132 0.180977 0.122481 0.175835
2 0.226453 0.962982 0.122674 0.071465
