5 0.513953 0.116710 0.141085 0.184062
5 0.627519 0.207712 0.141085 0.184062
5 0.629070 0.389717 0.141085 0.184062
5 0.751938 0.478663 0.141085 0.184062
5 0.858527 0.385604 0.141085 0.184062
5 0.883721 0.565039 0.141085 0.184062
5 0.749225 0.666324 0.141085 0.184062
5 0.628295 0.744473 0.141085 0.184062
5 0.637209 0.567095 0.141085 0.184062
5 0.507364 0.655013 0.141085 0.184062
5 0.630233 0.908355 0.141085 0.180720
1 0.507364 0.460668 0.141085 0.184062
1 0.385271 0.206170 0.141085 0.184062
1 0.240698 0.106941 0.141085 0.184062
0 0.237597 0.477121 0.141085 0.184062
0 0.225581 0.650386 0.141085 0.184062
2 0.871705 0.201542 0.141085 0.184062
5 0.498062 0.286889 0.141085 0.184062
3 0.751938 0.285347 0.141085 0.184062
3 0.104264 0.189203 0.141085 0.184062
3 0.091473 0.376864 0.141085 0.184062
3 0.097287 0.551157 0.141085 0.184062
3 0.241860 0.295630 0.141085 0.184062
3 0.365504 0.382519 0.141085 0.184062
3 0.372868 0.560925 0.141085 0.184062
0 0.102713 0.740360 0.141085 0.184062
0 0.087597 0.908612 0.141085 0.180206
0 0.233721 0.823650 0.141085 0.184062
0 0.373643 0.739846 0.141085 0.184062
0 0.373256 0.908355 0.141085 0.180720
3 0.495736 0.827763 0.141085 0.184062
5 0.759690 0.104370 0.141085 0.184062
0 0.881783 0.749614 0.141085 0.184062
2 0.884496 0.908612 0.141085 0.180206
4 0.762791 0.839589 0.141085 0.184062
5 0.390891 0.051414 0.137597 0.102828
0 0.109690 0.040617 0.146512 0.081234
1 0.635078 0.050386 0.134496 0.100771
1 0.965795 0.472365 0.066473 0.173522
1 0.967248 0.649743 0.063566 0.173522
1 0.967442 0.840488 0.063178 0.173522
1 0.967345 0.098586 0.063372 0.173522
5 0.971899 0.285347 0.054264 0.177892
0 0.870543 0.053985 0.131783 0.107969
