1 0.469767 0.252442 0.128682 0.188175
1 0.587209 0.341388 0.128682 0.188175
1 0.700000 0.248329 0.128682 0.188175
1 0.815891 0.338303 0.128682 0.188175
1 0.813953 0.704884 0.128682 0.188175
1 0.700388 0.795887 0.128682 0.188175
1 0.586822 0.525964 0.128682 0.188175
1 0.463953 0.424679 0.128682 0.188175
1 0.462016 0.605141 0.128682 0.188175
1 0.357752 0.507969 0.128682 0.188175
1 0.353488 0.326478 0.128682 0.188175
1 0.234496 0.419537 0.128682 0.188175
1 0.231008 0.578406 0.128682 0.188175
1 0.349225 0.692031 0.128682 0.188175
1 0.351163 0.863239 0.128682 0.188175
1 0.116667 0.513111 0.128682 0.188175
1 0.580233 0.148072 0.128682 0.188175
1 0.693798 0.093959 0.128682 0.187918
1 0.806589 0.147815 0.128682 0.188175
1 0.932558 0.246015 0.128682 0.188175
0 0.932752 0.429563 0.128682 0.188175
1 0.225969 0.093445 0.128682 0.186889
3 0.465698 0.093702 0.128682 0.187404
2 0.936240 0.615167 0.125581 0.188175
0 0.699031 0.419794 0.128682 0.188175
2 0.825969 0.511825 0.128682 0.188175
2 0.703876 0.605913 0.128682 0.188175
2 0.577132 0.691774 0.128682 0.188175
2 0.234109 0.783805 0.128682 0.188175
2 0.125194 0.689717 0.128682 0.188175
2 0.116408 0.319423 0.128682 0.188175
2 0.239147 0.242416 0.128682 0.188175
2 0.353488 0.158612 0.128682 0.188175
2 0.935853 0.800771 0.126357 0.188175
3 0.822674 0.885604 0.128682 0.188175
3 0.588953 0.877892 0.128682 0.188175
2 0.465310 0.786889 0.128682 0.188175
2 0.117636 0.861440 0.128682 0.188175
1 0.122093 0.142245 0.128682 0.188175
1 0.936100 0.093245 0.125861 0.186490
2 0.935853 0.906827 0.126357 0.183776
1 0.039535 0.424422 0.079070 0.195887
1 0.038760 0.577635 0.077519 0.195887
1 0.024806 0.777606 0.049612 0.188746
2 0.037984 0.245059 0.075969 0.198829
2 0.037209 0.077635 0.074419 0.155270
1 0.711370 0.906670 0.128682 0.184090
