1 0.500388 0.297172 0.131008 0.170694
1 0.391473 0.191774 0.131008 0.170694
1 0.394186 0.374293 0.131008 0.170694
1 0.500775 0.470437 0.131008 0.170694
1 0.622868 0.380463 0.131008 0.170694
1 0.625581 0.204113 0.131008 0.170694
1 0.739922 0.095630 0.131008 0.170694
1 0.868217 0.196915 0.131008 0.170694
1 0.859302 0.376350 0.131008 0.170694
1 0.857364 0.558869 0.131008 0.170694
1 0.854651 0.744473 0.131008 0.170694
1 0.856589 0.915039 0.131008 0.167352
1 0.504264 0.661183 0.131008 0.170694
1 0.498450 0.842674 0.131008 0.170694
1 0.617442 0.915296 0.131008 0.166838
1 0.744961 0.835476 0.131008 0.170694
1 0.387209 0.753728 0.131008 0.170694
1 0.393798 0.564010 0.131008 0.170694
1 0.137597 0.744473 0.131008 0.170694
1 0.147287 0.915296 0.131008 0.166838
1 0.150000 0.391774 0.131008 0.170694
2 0.741085 0.296658 0.131008 0.170694
0 0.626744 0.567609 0.131008 0.170694
0 0.747287 0.480720 0.131008 0.170694
0 0.277907 0.824679 0.131008 0.170694
0 0.272093 0.114653 0.131008 0.170694
0 0.378682 0.915167 0.131008 0.167095
2 0.269380 0.664267 0.131008 0.170694
2 0.148062 0.197943 0.131008 0.170694
2 0.261628 0.288946 0.131008 0.170694
3 0.269380 0.474036 0.131008 0.170694
3 0.143411 0.568123 0.131008 0.170694
5 0.744574 0.648843 0.131008 0.170694
5 0.619380 0.744987 0.131008 0.170694
2 0.512016 0.104884 0.131008 0.170694
3 0.043411 0.111054 0.086822 0.170694
2 0.045349 0.303599 0.090698 0.170180
1 0.043411 0.651671 0.086822 0.181491
3 0.040310 0.831105 0.080620 0.166067
1 0.958043 0.470180 0.081977 0.167095
5 0.956492 0.646015 0.085078 0.171208
5 0.958818 0.825707 0.080426 0.168638
0 0.953004 0.108483 0.092054 0.175835
1 0.740116 0.964139 0.123643 0.069152
1 0.620155 0.084319 0.131008 0.168638
1 0.393411 0.084447 0.131008 0.168895
1 0.855039 0.084833 0.131008 0.169666
2 0.150775 0.084833 0.131008 0.169666
3 0.958043 0.296406 0.081977 0.165048
2 0.045543 0.469666 0.091085 0.170180
1 0.498643 0.963882 0.123643 0.069666
2 0.271899 0.963753 0.123643 0.069923
