1 0.259690 0.229820 0.119380 0.179949
1 0.375581 0.328021 0.119380 0.179949
1 0.261240 0.398458 0.119380 0.179949
1 0.382558 0.492545 0.119380 0.179949
1 0.496124 0.592802 0.119380 0.179949
1 0.619767 0.693059 0.119380 0.179949
1 0.732558 0.783033 0.119380 0.179949
1 0.860853 0.700257 0.119380 0.179949
1 0.855814 0.140360 0.119380 0.179949
1 0.498062 0.089203 0.119380 0.178406
1 0.505426 0.232905 0.119380 0.179949
1 0.268605 0.090231 0.119380 0.179949
1 0.145736 0.497943 0.119380 0.179949
1 0.378682 0.872751 0.119380 0.179949
3 0.383721 0.686118 0.119380 0.179949
3 0.259302 0.599229 0.119380 0.179949
3 0.258915 0.781748 0.119380 0.179949
3 0.498062 0.783290 0.119380 0.179949
3 0.500000 0.414653 0.119380 0.179949
3 0.614341 0.333933 0.119380 0.179949
3 0.727132 0.418766 0.119380 0.179949
3 0.622868 0.151928 0.119380 0.179949
3 0.143411 0.687147 0.119380 0.179949
2 0.853876 0.334961 0.119380 0.179949
2 0.731008 0.593573 0.119380 0.179949
2 0.616667 0.507712 0.119380 0.179949
2 0.861240 0.862982 0.119380 0.179949
2 0.614341 0.875835 0.119380 0.179949
2 0.144186 0.329306 0.119380 0.179949
0 0.387984 0.137532 0.119380 0.179949
0 0.730233 0.226478 0.119380 0.179949
0 0.856202 0.504627 0.119380 0.179949
1 0.143798 0.141902 0.119380 0.179949
2 0.141473 0.870694 0.119380 0.179949
1 0.957655 0.929177 0.082752 0.139075
1 0.262403 0.936889 0.109302 0.123650
1 0.043411 0.239846 0.086822 0.172237
1 0.044186 0.075578 0.088372 0.151157
1 0.731008 0.089460 0.119380 0.178920
1 0.856008 0.025707 0.120543 0.051414
3 0.955329 0.602699 0.087403 0.180720
2 0.044574 0.598586 0.089147 0.178663
0 0.044574 0.934961 0.089147 0.127506
1 0.615213 0.984833 0.117248 0.027763
3 0.955620 0.761568 0.086822 0.180720
1 0.958043 0.415039 0.081977 0.169923
1 0.958333 0.232519 0.081395 0.169923
1 0.958236 0.070694 0.081589 0.141388
1 0.043023 0.420308 0.086047 0.172237
2 0.044767 0.769794 0.089535 0.178663
1 0.497093 0.941003 0.121318 0.115424
1 0.737016 0.941131 0.121318 0.115167
1 0.851260 0.985219 0.117248 0.026992
1 0.150388 0.020051 0.111628 0.040103
