1 0.318605 0.227249 0.128682 0.185090
1 0.432171 0.325450 0.128682 0.185090
1 0.554264 0.421594 0.128682 0.185090
1 0.665504 0.328535 0.128682 0.185090
1 0.784496 0.410283 0.128682 0.185090
1 0.788760 0.594859 0.128682 0.185090
1 0.900775 0.681748 0.128682 0.185090
1 0.903488 0.863239 0.128682 0.185090
1 0.561240 0.774293 0.128682 0.185090
1 0.436822 0.690488 0.128682 0.185090
1 0.433333 0.501799 0.128682 0.185090
1 0.317442 0.411825 0.128682 0.185090
1 0.189922 0.675578 0.128682 0.185090
1 0.072481 0.780977 0.128682 0.185090
1 0.195349 0.151157 0.128682 0.185090
2 0.551550 0.597686 0.128682 0.185090
0 0.195349 0.508740 0.128682 0.185090
0 0.081008 0.225450 0.128682 0.185090
0 0.672093 0.680463 0.128682 0.185090
2 0.669767 0.514910 0.128682 0.185090
2 0.547674 0.231620 0.128682 0.185090
2 0.437984 0.134447 0.128682 0.185090
2 0.669380 0.152442 0.128682 0.185090
2 0.789922 0.239332 0.128682 0.185090
2 0.901938 0.145244 0.128682 0.185090
2 0.900775 0.335990 0.128682 0.185090
2 0.897287 0.492802 0.128682 0.185090
2 0.789147 0.769923 0.128682 0.185090
2 0.669380 0.870180 0.128682 0.185090
2 0.439061 0.867609 0.128682 0.185090
2 0.192636 0.853728 0.128682 0.185090
2 0.194574 0.322622 0.128682 0.185090
3 0.312403 0.595116 0.128682 0.185090
3 0.319767 0.774550 0.128682 0.185090
3 0.072244 0.597515 0.128682 0.185090
1 0.313157 0.063753 0.130276 0.127506
1 0.085508 0.064267 0.129759 0.128535
2 0.565245 0.067352 0.143928 0.134704
3 0.784173 0.071465 0.120026 0.142931
2 0.068174 0.420023 0.128682 0.185090
1 0.329027 0.908198 0.128682 0.181034
1 0.541344 0.907841 0.128682 0.181748
1 0.796727 0.908055 0.128682 0.181320
1 0.063717 0.907626 0.127433 0.182177
4 0.977810 0.416067 0.042442 0.182262
