1 0.432558 0.356812 0.134884 0.178920
1 0.546899 0.259640 0.134884 0.178920
1 0.546512 0.434961 0.134884 0.178920
1 0.671705 0.328535 0.134884 0.178920
1 0.663566 0.528535 0.134884 0.178920
1 0.781008 0.443702 0.134884 0.178920
1 0.894574 0.529563 0.134884 0.178920
1 0.774031 0.613368 0.134884 0.178920
1 0.889147 0.701285 0.134884 0.178920
1 0.774031 0.800514 0.134884 0.178920
1 0.657364 0.699229 0.134884 0.178920
1 0.434496 0.528021 0.134884 0.178920
1 0.313178 0.253985 0.134884 0.178920
1 0.307364 0.610283 0.134884 0.178920
1 0.423256 0.698201 0.134884 0.178920
1 0.304264 0.795373 0.134884 0.178920
1 0.548837 0.801028 0.134884 0.178920
1 0.653101 0.893059 0.134884 0.178920
1 0.886047 0.881234 0.134884 0.178920
1 0.183333 0.350129 0.134884 0.178920
2 0.184302 0.536761 0.134884 0.178920
1 0.066570 0.621080 0.133140 0.178920
2 0.305620 0.435476 0.134884 0.178920
2 0.671124 0.166581 0.134884 0.178920
2 0.422674 0.174293 0.134884 0.178920
2 0.548643 0.088817 0.134884 0.177635
2 0.781589 0.260411 0.134884 0.178920
2 0.183527 0.702057 0.134884 0.178920
2 0.177541 0.880348 0.134884 0.178920
2 0.066764 0.257841 0.133527 0.178920
2 0.066860 0.437275 0.133721 0.178920
3 0.067345 0.794602 0.134690 0.178920
3 0.899419 0.163753 0.134884 0.178920
3 0.902907 0.355527 0.134884 0.178920
2 0.189729 0.166838 0.134884 0.178920
3 0.425775 0.885604 0.134884 0.178920
1 0.787123 0.088675 0.134884 0.177349
1 0.313178 0.088318 0.134884 0.176635
2 0.066871 0.088817 0.133742 0.177635
2 0.066656 0.911097 0.133312 0.175236
1 0.971415 0.088432 0.055233 0.176864
2 0.300495 0.911011 0.134884 0.175407
1 0.971038 0.450543 0.055986 0.177578
3 0.971307 0.617923 0.055448 0.177578
3 0.971092 0.792445 0.055879 0.177578
3 0.970984 0.258598 0.056094 0.177578
