4 0.310183 0.184699 0.137976 0.192802
4 0.298766 0.373533 0.137976 0.192802
4 0.195715 0.640606 0.137976 0.192802
4 0.296996 0.900693 0.137976 0.192802
4 0.652111 0.840841 0.137976 0.192802
4 0.658599 0.658042 0.137976 0.192802
4 0.793584 0.557673 0.137976 0.192802
4 0.889598 0.661283 0.137976 0.192802
4 0.663317 0.101263 0.137976 0.192802
3 0.068482 0.552755 0.136965 0.192802
5 0.430886 0.625629 0.137976 0.192802
5 0.312037 0.549011 0.137976 0.192802
5 0.185815 0.814686 0.137976 0.192802
5 0.086978 0.725495 0.137976 0.192802
5 0.536885 0.560858 0.137976 0.192802
1 0.656282 0.470549 0.137976 0.192802
1 0.658557 0.305913 0.137976 0.192802
1 0.780902 0.369006 0.137976 0.192802
1 0.786337 0.193193 0.137976 0.192802
1 0.890778 0.096647 0.137976 0.192802
1 0.891662 0.285403 0.137976 0.192802
1 0.894991 0.479826 0.137976 0.192802
0 0.774246 0.904437 0.137976 0.188555
0 0.546912 0.747513 0.137976 0.192802
0 0.548134 0.902565 0.137976 0.192299
0 0.427178 0.468537 0.137976 0.192802
0 0.313595 0.728624 0.137976 0.192802
0 0.188427 0.288756 0.137976 0.192802
0 0.893263 0.828211 0.137976 0.192802
0 0.778627 0.732033 0.137976 0.192802
1 0.548134 0.195764 0.137976 0.192802
1 0.539876 0.385995 0.137976 0.192802
1 0.429453 0.291215 0.137976 0.192802
1 0.433835 0.120990 0.137976 0.192802
1 0.189649 0.095479 0.137976 0.190958
1 0.073622 0.182352 0.137976 0.192802
1 0.070631 0.379569 0.137976 0.192802
1 0.190533 0.447804 0.137976 0.192802
1 0.420311 0.823852 0.137976 0.192802
3 0.435343 0.958997 0.135802 0.079434
5 0.068584 0.903616 0.137167 0.190198
5 0.650560 0.954627 0.135229 0.088175
1 0.538996 0.044987 0.125110 0.089974
1 0.308375 0.044987 0.125110 0.089974
1 0.073686 0.045116 0.125110 0.090231
1 0.976744 0.204013 0.044574 0.175634
1 0.976260 0.382676 0.045543 0.164837
4 0.972481 0.553906 0.053101 0.178250
4 0.973353 0.741567 0.051357 0.178250
1 0.976163 0.918252 0.045736 0.160925
