1 0.649225 0.187661 0.129457 0.184062
1 0.779845 0.094602 0.129457 0.184062
1 0.774031 0.270951 0.129457 0.184062
1 0.896124 0.196401 0.129457 0.184062
1 0.891085 0.374807 0.129457 0.184062
1 0.891473 0.554242 0.129457 0.184062
1 0.881008 0.729563 0.129457 0.184062
1 0.296899 0.091260 0.129457 0.182519
1 0.539922 0.098201 0.129457 0.184062
2 0.417054 0.558355 0.129457 0.184062
2 0.541473 0.471465 0.129457 0.184062
2 0.534109 0.283805 0.129457 0.184062
2 0.652326 0.380977 0.129457 0.184062
2 0.647287 0.541902 0.129457 0.184062
2 0.636822 0.730591 0.129457 0.184062
2 0.770543 0.826735 0.129457 0.184062
2 0.648450 0.908869 0.129457 0.179692
2 0.410853 0.727506 0.129457 0.184062
2 0.299612 0.647815 0.129457 0.184062
2 0.300000 0.464267 0.129457 0.184062
2 0.306589 0.273522 0.129457 0.184062
2 0.185271 0.360411 0.129457 0.184062
2 0.179457 0.558355 0.129457 0.184062
2 0.172093 0.749100 0.129457 0.184062
2 0.305814 0.840103 0.129457 0.184062
2 0.064438 0.283290 0.128876 0.184062
2 0.184690 0.186118 0.129457 0.184062
2 0.063857 0.091388 0.127713 0.182776
2 0.521512 0.653728 0.129457 0.184062
2 0.527326 0.846530 0.129457 0.184062
3 0.418023 0.377635 0.129457 0.184062
3 0.417636 0.195116 0.129457 0.184062
3 0.064729 0.473265 0.129457 0.184062
2 0.064050 0.666324 0.128101 0.184062
2 0.064244 0.842159 0.128488 0.184062
3 0.178295 0.908869 0.129457 0.179692
3 0.413566 0.908226 0.129457 0.180977
3 0.775194 0.650129 0.129457 0.184062
3 0.774031 0.474807 0.129457 0.184062
1 0.895263 0.091588 0.129457 0.183176
1 0.415935 0.091374 0.129457 0.182748
2 0.188727 0.030920 0.122761 0.061839
2 0.882300 0.908583 0.129457 0.180263
1 0.970177 0.640374 0.057709 0.185918
3 0.970338 0.472137 0.057386 0.185918
0 0.969907 0.285333 0.058247 0.185918
3 0.970230 0.091745 0.057601 0.183490
3 0.970284 0.837175 0.057494 0.185918
