5 0.608915 0.940746 0.124806 0.115938
4 0.950969 0.917224 0.096124 0.162982
1 0.604264 0.804113 0.118605 0.160411
2 0.364212 0.958997 0.129974 0.079434
1 0.032946 0.330077 0.065891 0.178920
2 0.040601 0.153199 0.081202 0.158383
1 0.951378 0.042931 0.095306 0.085861
0 0.944864 0.529820 0.108333 0.183548
0 0.836886 0.951285 0.128036 0.094859
1 0.041473 0.509769 0.082946 0.181491
1 0.041860 0.702571 0.083721 0.181491
1 0.041860 0.895373 0.083721 0.181491
1 0.945640 0.343316 0.106783 0.176607
2 0.949096 0.173636 0.099871 0.159155
1 0.945930 0.725321 0.106202 0.176607
1 0.720930 0.900257 0.118605 0.160411
1 0.831008 0.444730 0.118605 0.160411
1 0.840698 0.272494 0.118605 0.160411
1 0.837984 0.097172 0.118605 0.160411
1 0.836822 0.621080 0.118605 0.160411
1 0.840310 0.803599 0.118605 0.160411
1 0.722868 0.700257 0.118605 0.160411
1 0.717054 0.533162 0.118605 0.160411
1 0.723643 0.347558 0.118605 0.160411
1 0.599225 0.442674 0.118605 0.160411
1 0.483333 0.530591 0.118605 0.160411
1 0.482171 0.710026 0.118605 0.160411
1 0.494961 0.889460 0.118605 0.160411
1 0.371318 0.617481 0.118605 0.160411
1 0.489535 0.172751 0.118605 0.160411
1 0.604651 0.079563 0.118605 0.159126
1 0.136434 0.264010 0.118605 0.160411
1 0.139147 0.435219 0.118605 0.160411
1 0.131008 0.622879 0.118605 0.160411
1 0.254651 0.895887 0.118605 0.160411
1 0.247093 0.041902 0.119767 0.082776
2 0.363566 0.084319 0.118605 0.160411
1 0.247674 0.173008 0.118605 0.160411
2 0.603488 0.264781 0.118605 0.160411
2 0.719380 0.177892 0.118605 0.160411
1 0.725775 0.040746 0.119767 0.081491
2 0.132171 0.080077 0.118605 0.160154
2 0.249612 0.345758 0.118605 0.160411
2 0.487984 0.358612 0.118605 0.160411
2 0.131008 0.807198 0.118605 0.160411
0 0.248837 0.526478 0.118605 0.160411
0 0.602713 0.625707 0.118605 0.160411
0 0.249612 0.706427 0.118605 0.160411
5 0.367054 0.434447 0.118605 0.160411
5 0.370543 0.801028 0.118605 0.160411
3 0.368992 0.258355 0.118605 0.160411
0 0.138049 0.951928 0.128036 0.093573
2 0.482623 0.048472 0.128036 0.096944
