1 0.406202 0.207198 0.120930 0.175835
1 0.528431 0.115711 0.120930 0.175835
1 0.751163 0.293573 0.120930 0.175835
1 0.765504 0.489460 0.120930 0.175835
1 0.880620 0.578406 0.120930 0.175835
1 0.763953 0.671465 0.120930 0.175835
1 0.648837 0.747044 0.120930 0.175835
1 0.771705 0.848329 0.120930 0.175835
1 0.656589 0.912725 0.120930 0.171979
1 0.527519 0.843188 0.120930 0.175835
1 0.415504 0.752185 0.120930 0.175835
1 0.529845 0.496658 0.120930 0.175835
1 0.406977 0.389203 0.120930 0.175835
1 0.415116 0.912725 0.120930 0.171979
1 0.297204 0.842233 0.120930 0.175835
1 0.178682 0.577378 0.120930 0.175835
1 0.172868 0.225193 0.120930 0.175835
2 0.294186 0.306684 0.120930 0.175835
0 0.295349 0.121080 0.120930 0.175835
0 0.530620 0.306684 0.120930 0.175835
0 0.637984 0.223907 0.120930 0.175835
0 0.875581 0.207969 0.120930 0.175835
0 0.059884 0.300000 0.119767 0.175835
2 0.641860 0.395630 0.120930 0.175835
2 0.651550 0.576093 0.120930 0.175835
2 0.889922 0.391517 0.120930 0.175835
2 0.290310 0.488689 0.120930 0.175835
2 0.292248 0.662982 0.120930 0.175835
2 0.401938 0.569923 0.120930 0.175835
2 0.526357 0.662982 0.120930 0.175835
2 0.171705 0.748843 0.120930 0.175835
2 0.172868 0.393573 0.120930 0.175835
2 0.059884 0.126735 0.119767 0.175835
0 0.878295 0.754499 0.120930 0.175835
1 0.882558 0.912596 0.120930 0.172237
2 0.060271 0.843959 0.120543 0.175835
2 0.184496 0.912596 0.120930 0.172237
3 0.760659 0.126735 0.120930 0.175835
1 0.171705 0.087449 0.120930 0.174898
2 0.643365 0.087063 0.120930 0.174127
2 0.876721 0.087366 0.120930 0.174732
1 0.408664 0.087033 0.120930 0.174066
1 0.967279 0.138308 0.063504 0.169657
0 0.963784 0.840273 0.070494 0.175771
2 0.059884 0.669152 0.119767 0.175835
2 0.062016 0.479434 0.120930 0.175835
3 0.965237 0.671369 0.067587 0.173072
2 0.964805 0.489410 0.068452 0.169510
1 0.966829 0.298701 0.064403 0.169657
1 0.772190 0.969083 0.117816 0.059264
2 0.528575 0.964584 0.122003 0.068261
0 0.059953 0.965938 0.119906 0.065553
