4 0.606202 0.146530 0.134884 0.179949
4 0.732946 0.230334 0.134884 0.179949
4 0.852713 0.134190 0.134884 0.179949
4 0.861628 0.324936 0.134884 0.179949
4 0.743411 0.413882 0.134884 0.179949
4 0.863178 0.504884 0.134884 0.179949
4 0.738760 0.596915 0.134884 0.179949
4 0.851550 0.684833 0.134884 0.179949
4 0.862016 0.860154 0.134884 0.179949
4 0.739147 0.766067 0.134884 0.179949
4 0.630233 0.862211 0.134884 0.179949
4 0.626744 0.684833 0.134884 0.179949
4 0.614729 0.510540 0.134884 0.179949
4 0.623643 0.322879 0.134884 0.179949
4 0.376744 0.328535 0.134884 0.179949
2 0.378682 0.505913 0.134884 0.179949
2 0.510078 0.596915 0.134884 0.179949
2 0.500388 0.773265 0.134884 0.179949
2 0.382171 0.867352 0.134884 0.179949
2 0.268605 0.591260 0.134884 0.179949
2 0.151163 0.499229 0.134884 0.179949
2 0.137323 0.684712 0.134884 0.179949
2 0.165116 0.858279 0.134884 0.179949
2 0.269790 0.224830 0.134884 0.179949
1 0.143251 0.312052 0.134884 0.179949
1 0.372868 0.129049 0.134884 0.179949
1 0.256977 0.397943 0.134884 0.179949
3 0.385659 0.687918 0.134884 0.179949
2 0.491860 0.224165 0.134884 0.179949
2 0.271318 0.910797 0.134884 0.175835
3 0.258915 0.785090 0.134884 0.179949
3 0.498062 0.410283 0.134884 0.179949
3 0.136981 0.127128 0.134884 0.179949
4 0.958333 0.225359 0.081395 0.181310
4 0.726140 0.089354 0.134884 0.178709
4 0.731498 0.910767 0.134884 0.175896
2 0.498062 0.047558 0.131008 0.095116
2 0.505540 0.910850 0.134884 0.175730
1 0.047965 0.213111 0.095930 0.180463
1 0.048934 0.049720 0.097868 0.090791
2 0.047965 0.411598 0.095930 0.179374
3 0.049903 0.937018 0.099806 0.123393
0 0.958818 0.064267 0.080426 0.128535
4 0.958527 0.401709 0.081008 0.181310
4 0.958818 0.586285 0.080426 0.181310
4 0.958818 0.769832 0.080426 0.181310
4 0.957655 0.932776 0.082752 0.131877
2 0.258915 0.047815 0.131008 0.095630
1 0.047965 0.574293 0.095930 0.180463
2 0.047965 0.772781 0.095930 0.179374
