1 0.372481 0.205141 0.131008 0.169666
1 0.490698 0.296144 0.131008 0.169666
1 0.496512 0.114653 0.131008 0.169666
1 0.717829 0.114139 0.131008 0.169666
1 0.726744 0.292545 0.131008 0.169666
1 0.841860 0.389717 0.131008 0.169666
1 0.732171 0.469409 0.131008 0.169666
1 0.374419 0.378406 0.131008 0.169666
1 0.374806 0.569152 0.131008 0.169666
1 0.490698 0.655013 0.131008 0.169666
1 0.610465 0.575321 0.131008 0.169666
1 0.374419 0.748586 0.131008 0.169666
1 0.507364 0.831362 0.131008 0.169666
1 0.723256 0.838046 0.131008 0.169666
1 0.845349 0.913625 0.131008 0.169666
1 0.838760 0.737275 0.131008 0.169666
1 0.139535 0.389717 0.131008 0.169666
1 0.270930 0.837532 0.131008 0.169666
1 0.131783 0.557326 0.131008 0.169666
1 0.137597 0.210283 0.131008 0.169666
1 0.137984 0.745501 0.131008 0.169666
0 0.139147 0.915553 0.131008 0.166324
2 0.250388 0.122365 0.131008 0.169666
2 0.616667 0.202057 0.131008 0.169666
2 0.256589 0.658098 0.131008 0.169666
0 0.255814 0.299229 0.131008 0.169666
0 0.611240 0.374807 0.131008 0.169666
0 0.845736 0.561440 0.131008 0.169666
0 0.607364 0.742931 0.131008 0.169666
2 0.501938 0.477635 0.131008 0.169666
0 0.255039 0.469923 0.131008 0.169666
4 0.841085 0.201542 0.131008 0.169666
5 0.731008 0.646787 0.131008 0.169666
2 0.608140 0.916067 0.131008 0.165296
1 0.615213 0.059554 0.120349 0.119109
1 0.377056 0.059554 0.120349 0.119109
1 0.839804 0.059626 0.120349 0.119252
1 0.137608 0.059626 0.120349 0.119252
1 0.036822 0.119066 0.073643 0.159754
1 0.036499 0.298729 0.072997 0.159754
1 0.036660 0.478392 0.073320 0.159754
1 0.037037 0.650914 0.074074 0.159754
1 0.036660 0.833433 0.073320 0.159754
1 0.947244 0.114110 0.103575 0.167381
1 0.947082 0.478578 0.103898 0.167381
1 0.946921 0.655955 0.104220 0.167381
1 0.947136 0.831905 0.103790 0.167381
1 0.384367 0.909454 0.111326 0.132819
0 0.948643 0.296644 0.100775 0.166838
