3 0.253876 0.501799 0.151163 0.189203
3 0.382946 0.414910 0.151163 0.189203
3 0.376357 0.598458 0.151163 0.189203
3 0.244961 0.688432 0.151163 0.189203
3 0.243023 0.874036 0.151163 0.189203
3 0.112403 0.772751 0.151163 0.189203
3 0.121318 0.600514 0.151163 0.189203
3 0.123256 0.226735 0.151163 0.189203
3 0.256202 0.139846 0.151163 0.189203
3 0.251163 0.321337 0.151163 0.189203
3 0.374806 0.222108 0.151163 0.189203
3 0.516279 0.504370 0.151163 0.189203
3 0.510465 0.687918 0.151163 0.189203
3 0.507752 0.880720 0.151163 0.189203
2 0.635271 0.787661 0.151163 0.189203
4 0.747674 0.693059 0.151163 0.189203
0 0.379457 0.777378 0.151163 0.189203
4 0.119767 0.413368 0.151163 0.189203
2 0.874419 0.615424 0.151163 0.189203
2 0.763953 0.508997 0.151163 0.189203
2 0.771318 0.155784 0.151163 0.189203
2 0.767054 0.335219 0.151163 0.189203
2 0.889922 0.247301 0.151163 0.189203
2 0.875581 0.433933 0.151163 0.189203
2 0.875194 0.788175 0.151163 0.189203
0 0.525388 0.147301 0.142248 0.167095
0 0.519767 0.331105 0.151163 0.189203
3 0.638760 0.227763 0.151163 0.189203
4 0.645736 0.417995 0.151163 0.189203
0 0.643411 0.594859 0.151163 0.189203
3 0.743023 0.879177 0.151163 0.189203
2 0.881783 0.074550 0.132558 0.149100
2 0.968120 0.698715 0.061822 0.175835
3 0.973062 0.148072 0.051938 0.185090
3 0.973062 0.344987 0.051938 0.185090
3 0.973353 0.524422 0.051357 0.185090
4 0.965795 0.883805 0.066473 0.186118
4 0.112597 0.069409 0.148450 0.138817
4 0.104457 0.930463 0.148450 0.136504
4 0.621899 0.931234 0.148450 0.134961
3 0.369961 0.935861 0.156977 0.125707
2 0.385271 0.067352 0.150388 0.134704
2 0.646124 0.067481 0.150388 0.134961
2 0.524419 0.024679 0.131008 0.049357
0 0.027616 0.691774 0.055233 0.189717
0 0.027713 0.517481 0.055426 0.189717
0 0.027713 0.313368 0.055426 0.189717
3 0.026357 0.146015 0.052713 0.185090
4 0.021705 0.876350 0.043411 0.174293
