2 0.888566 0.075578 0.123643 0.151157
2 0.761047 0.524036 0.123643 0.151928
2 0.645930 0.609897 0.123643 0.151928
2 0.869574 0.796530 0.123643 0.151928
2 0.404070 0.782648 0.123643 0.151928
2 0.403682 0.607326 0.123643 0.151928
2 0.167636 0.601671 0.123643 0.151928
2 0.061143 0.685476 0.122287 0.151928
1 0.882752 0.261825 0.123643 0.151928
1 0.879264 0.437147 0.123643 0.151928
1 0.765698 0.346144 0.123643 0.151928
1 0.764535 0.166710 0.123643 0.151928
1 0.657171 0.079820 0.123643 0.151928
1 0.421899 0.076221 0.123643 0.151928
1 0.531589 0.153856 0.123643 0.151928
1 0.528101 0.337404 0.123643 0.151928
1 0.643217 0.432519 0.123643 0.151928
1 0.528876 0.517352 0.123643 0.151928
1 0.420736 0.432519 0.123643 0.151928
1 0.415698 0.250000 0.123643 0.151928
1 0.298256 0.156941 0.123643 0.151928
1 0.295543 0.328149 0.123643 0.151928
1 0.295930 0.517866 0.123643 0.151928
1 0.290116 0.682905 0.123643 0.151928
1 0.524612 0.693702 0.123643 0.151928
1 0.175388 0.428920 0.123643 0.151928
1 0.061337 0.341003 0.122674 0.151928
1 0.184496 0.075321 0.123643 0.150643
1 0.639147 0.789846 0.123643 0.151928
1 0.762016 0.706041 0.123643 0.151928
1 0.870930 0.615039 0.123643 0.151928
1 0.283721 0.877763 0.123643 0.151928
1 0.061628 0.861825 0.123256 0.151928
1 0.168798 0.784190 0.123643 0.151928
1 0.061337 0.515296 0.122674 0.151928
1 0.176647 0.941003 0.120736 0.115424
1 0.399516 0.940874 0.120736 0.115681
1 0.885174 0.941003 0.120736 0.115424
1 0.770446 0.045244 0.122674 0.090488
1 0.540601 0.044859 0.122674 0.089717
1 0.061628 0.034961 0.123256 0.069923
1 0.971415 0.350643 0.055233 0.164524
1 0.971512 0.521851 0.055039 0.164524
1 0.971124 0.188175 0.055814 0.164524
0 0.646899 0.256170 0.123643 0.151928
0 0.757364 0.888046 0.123643 0.151928
0 0.527519 0.877249 0.123643 0.151928
4 0.177810 0.251799 0.127713 0.169923
4 0.063663 0.162853 0.127326 0.169923
3 0.638081 0.942931 0.127326 0.111568
0 0.968411 0.703085 0.061240 0.147558
4 0.307558 0.038303 0.122868 0.076607
2 0.970833 0.895630 0.056395 0.148072
1 0.968798 0.031491 0.060465 0.062982
