1 0.262791 0.143959 0.130233 0.176864
1 0.386434 0.228792 0.130233 0.176864
1 0.495349 0.140874 0.130233 0.176864
1 0.489535 0.314139 0.130233 0.176864
1 0.262016 0.313625 0.130233 0.176864
1 0.491085 0.679177 0.130233 0.176864
1 0.613953 0.770180 0.130233 0.176864
1 0.494186 0.856041 0.130233 0.176864
1 0.374419 0.925064 0.111628 0.147301
1 0.263178 0.852442 0.130233 0.176864
1 0.259690 0.699743 0.130233 0.176864
1 0.136822 0.601542 0.130233 0.176864
1 0.143411 0.767609 0.130233 0.176864
1 0.144574 0.912211 0.130233 0.173008
1 0.853876 0.407712 0.130233 0.176864
1 0.841860 0.228278 0.130233 0.176864
1 0.143023 0.411825 0.130233 0.176864
1 0.953004 0.326478 0.092054 0.169666
1 0.947190 0.146272 0.103682 0.152699
1 0.954167 0.500771 0.089729 0.164524
1 0.852519 0.768123 0.130233 0.176864
1 0.738953 0.139332 0.130233 0.176864
2 0.728488 0.491517 0.130233 0.176864
0 0.734690 0.325964 0.130233 0.176864
3 0.373450 0.410283 0.130233 0.176864
2 0.726550 0.682262 0.130233 0.176864
2 0.730039 0.847301 0.130233 0.176864
2 0.847481 0.589717 0.130233 0.176864
2 0.607558 0.588175 0.130233 0.176864
2 0.373837 0.581491 0.130233 0.176864
2 0.611434 0.233419 0.130233 0.176864
0 0.493992 0.501285 0.130233 0.176864
0 0.385853 0.751671 0.130233 0.176864
2 0.616860 0.397943 0.130233 0.176864
0 0.141085 0.231877 0.122481 0.165553
5 0.268411 0.499229 0.130233 0.176864
1 0.954360 0.668895 0.089341 0.164524
0 0.953004 0.862211 0.092054 0.171722
2 0.850484 0.932776 0.122674 0.131877
2 0.609787 0.932391 0.122674 0.132648
1 0.043895 0.680977 0.087791 0.159897
1 0.043702 0.853213 0.087403 0.159897
1 0.043411 0.506170 0.086822 0.159897
1 0.043411 0.326735 0.086822 0.159897
1 0.043605 0.146272 0.087209 0.159897
1 0.376357 0.073522 0.124806 0.147044
1 0.839535 0.073779 0.124806 0.147558
1 0.494477 0.023650 0.118023 0.047301
1 0.954457 0.024293 0.089147 0.048586
0 0.132752 0.069409 0.125194 0.138817
0 0.616085 0.068895 0.125194 0.137789
1 0.734399 0.976221 0.118023 0.044987
1 0.952229 0.977506 0.093605 0.042416
1 0.496802 0.976221 0.118023 0.044987
1 0.268798 0.981105 0.108140 0.035219
1 0.039244 0.982391 0.078488 0.032648
1 0.039438 0.016067 0.078876 0.032134
3 0.256105 0.024293 0.118023 0.048586
