1 0.602987 0.449452 0.137976 0.191405
1 0.366174 0.613138 0.137976 0.191405
5 0.375822 0.810355 0.137976 0.191405
0 0.254698 0.523947 0.137976 0.191405
3 0.362129 0.262686 0.137976 0.191405
2 0.483253 0.361881 0.137976 0.191405
4 0.931265 0.904465 0.135533 0.188499
1 0.489573 0.539315 0.137976 0.191405
1 0.486582 0.707192 0.137976 0.191405
1 0.480431 0.890438 0.137976 0.191405
1 0.482706 0.187912 0.137976 0.191405
1 0.605051 0.095088 0.137976 0.190175
1 0.603830 0.801190 0.137976 0.191405
1 0.718803 0.889432 0.137976 0.191405
1 0.727397 0.715016 0.137976 0.191405
1 0.727566 0.544792 0.137976 0.191405
1 0.729841 0.353610 0.137976 0.191405
1 0.847578 0.281765 0.137976 0.191405
1 0.832343 0.444870 0.137976 0.191405
1 0.834618 0.635101 0.137976 0.191405
1 0.828467 0.804376 0.137976 0.191405
1 0.931707 0.716581 0.134648 0.191405
1 0.243196 0.170532 0.137976 0.191405
1 0.556239 0.684190 0.137976 0.191405
1 0.127507 0.264362 0.137976 0.191405
1 0.128729 0.442020 0.137976 0.191405
1 0.129950 0.636442 0.137976 0.191405
1 0.249136 0.883956 0.137976 0.191405
1 0.838073 0.095144 0.137976 0.190287
2 0.609812 0.264306 0.137976 0.191405
2 0.721625 0.170923 0.137976 0.191405
0 0.624027 0.645116 0.137976 0.191405
0 0.931623 0.532776 0.134816 0.191405
1 0.945252 0.352492 0.107558 0.180563
2 0.945640 0.169152 0.106783 0.175835
2 0.242438 0.344613 0.137976 0.191405
2 0.136228 0.810076 0.137976 0.191405
0 0.245387 0.714178 0.137976 0.191405
2 0.135600 0.095473 0.137976 0.190945
2 0.367943 0.095479 0.137976 0.190958
1 0.040698 0.360419 0.081395 0.167593
2 0.042636 0.172350 0.085271 0.177666
1 0.247718 0.095557 0.137976 0.191113
1 0.040795 0.526486 0.081589 0.167593
1 0.040698 0.712090 0.081395 0.167593
1 0.000000 0.868903 0.000000 0.167593
1 0.040407 0.890497 0.080814 0.167593
