5 0.321705 0.124936 0.128682 0.190231
5 0.912016 0.768123 0.128682 0.190231
4 0.668217 0.582519 0.128682 0.190231
0 0.556202 0.495630 0.128682 0.190231
0 0.324806 0.311054 0.128682 0.190231
1 0.443023 0.396915 0.128682 0.190231
1 0.562016 0.316195 0.128682 0.190231
1 0.681008 0.220051 0.128682 0.190231
1 0.795349 0.323393 0.128682 0.190231
1 0.793411 0.665296 0.128682 0.190231
1 0.675969 0.763496 0.128682 0.190231
1 0.560078 0.678663 0.128682 0.190231
1 0.558140 0.848843 0.128682 0.190231
1 0.439147 0.754756 0.128682 0.190231
1 0.439535 0.581491 0.128682 0.190231
1 0.319767 0.504884 0.128682 0.190231
1 0.323256 0.662725 0.128682 0.190231
1 0.316667 0.843188 0.128682 0.190231
1 0.206202 0.592802 0.128682 0.190231
1 0.205039 0.404113 0.128682 0.190231
1 0.203876 0.227763 0.128682 0.190231
1 0.087984 0.486375 0.128682 0.190231
1 0.202326 0.752185 0.128682 0.190231
1 0.079845 0.315167 0.128682 0.190231
1 0.432946 0.905270 0.128682 0.186889
1 0.910078 0.905656 0.128682 0.186118
1 0.435659 0.232905 0.128682 0.190231
1 0.560853 0.142931 0.128682 0.190231
1 0.905039 0.588175 0.128682 0.190231
4 0.675581 0.403085 0.128682 0.190231
4 0.798450 0.152956 0.128682 0.190231
4 0.909109 0.076093 0.124419 0.152185
0 0.789922 0.852956 0.128682 0.190231
0 0.666279 0.905398 0.128682 0.186632
3 0.081395 0.115938 0.128682 0.190231
2 0.076357 0.667609 0.128682 0.190231
0 0.074419 0.847044 0.128682 0.190231
1 0.205814 0.905527 0.128682 0.186375
1 0.215805 0.068380 0.132730 0.136761
1 0.437726 0.071465 0.118346 0.142931
1 0.681008 0.060668 0.127907 0.121337
