5 0.212791 0.228278 0.134109 0.187147
5 0.213953 0.409769 0.134109 0.187147
5 0.085659 0.504884 0.134109 0.187147
5 0.073643 0.690488 0.134109 0.187147
5 0.074031 0.865810 0.134109 0.187147
5 0.322481 0.866324 0.134109 0.187147
4 0.212016 0.594344 0.134109 0.187147
4 0.201550 0.907069 0.134109 0.183290
2 0.683333 0.585090 0.134109 0.187147
3 0.444961 0.596915 0.134109 0.187147
3 0.801938 0.665296 0.134109 0.187147
3 0.198450 0.768638 0.134109 0.187147
1 0.688760 0.393830 0.134109 0.187147
1 0.921705 0.223650 0.134109 0.187147
1 0.922093 0.394859 0.134109 0.187147
1 0.920155 0.572237 0.134109 0.187147
1 0.922868 0.764010 0.134109 0.187147
1 0.805426 0.497172 0.134109 0.187147
1 0.799612 0.309512 0.134109 0.187147
1 0.810078 0.132134 0.134109 0.187147
1 0.567829 0.137789 0.134109 0.187147
1 0.687597 0.215424 0.134109 0.187147
1 0.447674 0.223136 0.134109 0.187147
1 0.321705 0.133162 0.134109 0.187147
1 0.329070 0.316710 0.134109 0.187147
3 0.561240 0.675064 0.134109 0.187147
2 0.679457 0.771208 0.134109 0.187147
0 0.568217 0.501285 0.134109 0.187147
2 0.795930 0.845501 0.125194 0.156812
2 0.563178 0.854499 0.134109 0.187147
2 0.448837 0.404627 0.134109 0.187147
1 0.570930 0.326992 0.134109 0.187147
1 0.445736 0.776864 0.134109 0.187147
2 0.325194 0.507969 0.134109 0.187147
0 0.327519 0.670437 0.134109 0.187147
0 0.093798 0.332648 0.134109 0.187147
0 0.090310 0.150129 0.134109 0.187147
1 0.911434 0.929434 0.137597 0.138560
2 0.449031 0.940488 0.127519 0.116452
2 0.675969 0.933805 0.128682 0.129820
2 0.443023 0.066067 0.128682 0.132134
1 0.691667 0.070308 0.137597 0.140617
1 0.928488 0.070308 0.137597 0.140617
4 0.210659 0.057584 0.127519 0.115167
