3 0.096124 0.262725 0.158140 0.192288
1 0.637597 0.642674 0.158140 0.192288
3 0.099225 0.637018 0.158140 0.192288
3 0.113566 0.816452 0.158140 0.192288
3 0.252713 0.705913 0.158140 0.192288
0 0.248062 0.878663 0.158140 0.192288
5 0.255814 0.544473 0.158140 0.192288
1 0.379845 0.276093 0.158140 0.192288
1 0.515891 0.373265 0.158140 0.192288
4 0.631783 0.277121 0.158140 0.192288
3 0.243798 0.354756 0.158140 0.192288
0 0.231395 0.165553 0.158140 0.192288
0 0.096899 0.095373 0.158140 0.190746
5 0.753101 0.379434 0.158140 0.192288
5 0.760465 0.569152 0.158140 0.192288
5 0.757752 0.737275 0.158140 0.192288
5 0.767829 0.904113 0.158140 0.189203
5 0.875194 0.459897 0.158140 0.192288
5 0.633721 0.463496 0.158140 0.192288
3 0.389922 0.448843 0.158140 0.192288
3 0.383333 0.624165 0.158140 0.192288
3 0.376744 0.803599 0.158140 0.192288
3 0.509690 0.732134 0.158140 0.192288
3 0.511628 0.557841 0.158140 0.192288
3 0.518217 0.904242 0.158140 0.188946
3 0.637984 0.832391 0.158140 0.192288
3 0.636047 0.829820 0.158140 0.192288
2 0.648062 0.095758 0.158140 0.191517
3 0.881783 0.303342 0.158140 0.192288
2 0.892248 0.647301 0.158140 0.192288
4 0.875581 0.822622 0.158140 0.192288
2 0.529457 0.184576 0.158140 0.192288
3 0.382946 0.095244 0.158140 0.190488
2 0.888566 0.110283 0.128295 0.157841
0 0.103488 0.460668 0.158140 0.192288
0 0.099612 0.960668 0.158915 0.076093
0 0.375969 0.960797 0.158915 0.075835
3 0.254845 0.030977 0.152326 0.061954
2 0.887403 0.974165 0.105039 0.049100
2 0.773062 0.025964 0.105039 0.051928
2 0.763372 0.195116 0.128295 0.157841
