1 0.332946 0.343445 0.129457 0.180977
1 0.330233 0.525964 0.129457 0.180977
1 0.441473 0.437018 0.129457 0.180977
1 0.209302 0.253470 0.129457 0.180977
1 0.682558 0.439075 0.129457 0.180977
1 0.559690 0.352185 0.129457 0.180977
5 0.089535 0.705398 0.129457 0.180977
0 0.215891 0.621080 0.129457 0.180977
2 0.555426 0.700257 0.129457 0.180977
3 0.914341 0.258098 0.129457 0.180977
4 0.558140 0.159897 0.129457 0.180977
1 0.332946 0.882262 0.129457 0.180977
0 0.795349 0.349100 0.129457 0.180977
1 0.681395 0.618509 0.129457 0.180977
1 0.795736 0.529563 0.129457 0.180977
1 0.915504 0.605141 0.129457 0.180977
1 0.918992 0.797943 0.129457 0.180977
1 0.796124 0.885861 0.129457 0.180977
2 0.324806 0.702828 0.129457 0.180977
2 0.212016 0.797943 0.129457 0.180977
3 0.088760 0.884319 0.129457 0.180977
3 0.209690 0.445244 0.129457 0.180977
2 0.091860 0.160411 0.129457 0.180977
0 0.085271 0.339846 0.129457 0.180977
3 0.438372 0.251928 0.129457 0.180977
1 0.206589 0.089974 0.129457 0.179949
3 0.324031 0.162982 0.129457 0.180977
1 0.444186 0.089974 0.129457 0.179949
2 0.798450 0.155784 0.129457 0.180977
1 0.917442 0.427763 0.129457 0.180977
3 0.672093 0.091003 0.129457 0.180977
1 0.676744 0.261697 0.129457 0.180977
3 0.913953 0.089460 0.129457 0.178920
2 0.556202 0.517224 0.129457 0.180977
2 0.798450 0.699743 0.129457 0.180977
2 0.674806 0.789717 0.129457 0.180977
2 0.681202 0.941003 0.126744 0.115424
2 0.555814 0.883805 0.129457 0.180977
2 0.443605 0.941902 0.126744 0.113625
2 0.450000 0.807198 0.129457 0.180977
2 0.449612 0.620566 0.129457 0.180977
2 0.086434 0.528535 0.129457 0.180977
1 0.568605 0.034062 0.131008 0.068123
1 0.334884 0.033933 0.131008 0.067866
1 0.914341 0.945630 0.131008 0.106170
2 0.208333 0.941388 0.126744 0.114653
2 0.090504 0.027763 0.129070 0.055527
1 0.987500 0.332391 0.023062 0.171208
1 0.018992 0.794087 0.037984 0.170180
