1 0.377519 0.173779 0.134884 0.195373
1 0.615891 0.346015 0.134884 0.195373
1 0.729457 0.266324 0.134884 0.195373
1 0.856202 0.346015 0.134884 0.195373
1 0.859690 0.538817 0.134884 0.195373
1 0.861628 0.716195 0.134884 0.195373
1 0.858915 0.898715 0.134884 0.195373
1 0.736047 0.815938 0.134884 0.195373
1 0.617829 0.718766 0.134884 0.195373
1 0.615891 0.903213 0.134884 0.191003
1 0.496899 0.623136 0.134884 0.195373
1 0.499612 0.270951 0.134884 0.195373
1 0.381395 0.532648 0.134884 0.195373
1 0.385659 0.729563 0.134884 0.195373
1 0.382946 0.895630 0.134884 0.195373
1 0.267829 0.451928 0.134884 0.195373
1 0.269767 0.272494 0.134884 0.195373
1 0.269380 0.631877 0.134884 0.195373
1 0.737209 0.096787 0.134884 0.193573
3 0.143023 0.533162 0.134884 0.195373
5 0.139535 0.356812 0.134884 0.195373
5 0.731008 0.442159 0.134884 0.195373
0 0.258915 0.810283 0.134884 0.195373
0 0.618217 0.534190 0.134884 0.195373
2 0.378295 0.350643 0.134884 0.195373
2 0.146899 0.167095 0.134884 0.195373
2 0.258140 0.097172 0.134884 0.194344
2 0.145349 0.722365 0.134884 0.195373
2 0.147287 0.897686 0.134884 0.195373
2 0.500388 0.811825 0.134884 0.195373
2 0.620930 0.179949 0.134884 0.195373
2 0.860078 0.172237 0.134884 0.195373
2 0.735659 0.629306 0.134884 0.195373
2 0.405039 0.520823 0.134884 0.195373
3 0.497674 0.096658 0.134884 0.193316
2 0.504264 0.433419 0.134884 0.195373
1 0.955911 0.259126 0.086240 0.168638
2 0.953004 0.443188 0.092054 0.168638
2 0.046124 0.074550 0.092248 0.144987
2 0.043798 0.448586 0.087597 0.170180
1 0.043702 0.632905 0.087403 0.177892
1 0.046512 0.810283 0.093023 0.170694
1 0.496609 0.964139 0.126550 0.069152
1 0.735174 0.963111 0.121512 0.071208
0 0.044961 0.263239 0.089922 0.168638
0 0.949516 0.801799 0.099031 0.164010
3 0.956880 0.620566 0.084302 0.157326
3 0.954942 0.080720 0.088178 0.161440
1 0.847674 0.097558 0.134884 0.195116
2 0.047965 0.956298 0.095930 0.084833
2 0.261822 0.958226 0.143023 0.080977
