2 0.428682 0.361954 0.131783 0.176864
2 0.666279 0.363496 0.131783 0.176864
2 0.665116 0.185090 0.131783 0.176864
2 0.774806 0.280206 0.131783 0.176864
2 0.907752 0.362982 0.131783 0.176864
2 0.781783 0.639075 0.131783 0.176864
2 0.685271 0.544987 0.131783 0.176864
2 0.676357 0.728535 0.131783 0.176864
1 0.909302 0.725964 0.131783 0.176864
1 0.901938 0.544473 0.131783 0.176864
1 0.785271 0.443188 0.131783 0.176864
1 0.547631 0.261297 0.131783 0.176864
1 0.313953 0.266324 0.131783 0.176864
2 0.551550 0.606170 0.131783 0.176864
2 0.675194 0.912339 0.131783 0.172751
2 0.783333 0.822365 0.131783 0.176864
3 0.438372 0.526992 0.131783 0.176864
3 0.203876 0.547044 0.131783 0.176864
3 0.095736 0.249357 0.131783 0.176864
3 0.084496 0.449357 0.131783 0.176864
3 0.085659 0.628792 0.131783 0.176864
3 0.200000 0.166581 0.131783 0.176864
3 0.087209 0.087661 0.131783 0.175321
2 0.319767 0.452956 0.131783 0.176864
2 0.319380 0.635476 0.131783 0.176864
2 0.208140 0.903342 0.131783 0.176864
2 0.093798 0.804113 0.131783 0.176864
1 0.207752 0.718766 0.131783 0.176864
1 0.439922 0.722365 0.131783 0.176864
3 0.430620 0.171208 0.131783 0.176864
3 0.552713 0.433933 0.131783 0.176864
3 0.557752 0.813882 0.131783 0.176864
3 0.324031 0.808226 0.131783 0.176864
3 0.202713 0.355270 0.131783 0.176864
2 0.445349 0.904370 0.131783 0.176864
3 0.904651 0.911954 0.131783 0.173522
3 0.550775 0.087532 0.131783 0.175064
2 0.897287 0.189717 0.131783 0.176864
2 0.771318 0.087532 0.131783 0.175064
2 0.309690 0.087275 0.131783 0.174550
3 0.437909 0.041845 0.132580 0.083690
3 0.204059 0.041131 0.132580 0.082262
0 0.900441 0.041488 0.132580 0.082976
