2 0.794460 0.121974 0.122253 0.155516
2 0.913465 0.391165 0.143242 0.180228
2 0.916085 0.059640 0.125969 0.119280
2 0.684690 0.059254 0.125969 0.118509
2 0.449419 0.059254 0.125969 0.118509
2 0.206395 0.059254 0.125969 0.118509
5 0.447363 0.933805 0.125733 0.129820
2 0.683220 0.211948 0.122253 0.155516
2 0.561902 0.125059 0.122253 0.155516
2 0.446785 0.215033 0.122253 0.155516
2 0.439421 0.392411 0.122253 0.155516
2 0.333607 0.496781 0.122253 0.155516
2 0.335545 0.673131 0.122253 0.155516
3 0.450661 0.582128 0.122253 0.155516
2 0.330119 0.302951 0.122253 0.155516
2 0.328181 0.127629 0.122253 0.155516
3 0.209189 0.578529 0.122253 0.155516
3 0.201824 0.399095 0.122253 0.155516
3 0.199886 0.219660 0.122253 0.155516
3 0.075468 0.121460 0.122253 0.155516
3 0.083607 0.306036 0.122253 0.155516
3 0.080119 0.489583 0.122253 0.155516
0 0.081863 0.671588 0.122253 0.155516
5 0.200274 0.923008 0.122253 0.151414
5 0.079731 0.851023 0.122253 0.155516
5 0.203375 0.755907 0.122253 0.155516
3 0.332444 0.855136 0.122253 0.155516
1 0.446010 0.760020 0.122253 0.155516
1 0.568878 0.853079 0.122253 0.155516
1 0.566165 0.672617 0.122253 0.155516
1 0.564227 0.489069 0.122253 0.155516
1 0.566941 0.307578 0.122253 0.155516
1 0.692134 0.393439 0.122253 0.155516
1 0.684770 0.578015 0.122253 0.155516
1 0.682057 0.757449 0.122253 0.155516
1 0.683995 0.923008 0.122253 0.151414
1 0.802212 0.845367 0.122253 0.155516
1 0.805700 0.671074 0.122253 0.155516
1 0.799886 0.491640 0.122253 0.155516
1 0.790972 0.307064 0.122253 0.155516
1 0.920816 0.212976 0.122253 0.155516
1 0.919654 0.573388 0.122253 0.155516
1 0.915390 0.756935 0.122253 0.155516
1 0.919654 0.923008 0.122253 0.151414
