1 0.734496 0.395373 0.123256 0.184062
1 0.860465 0.310540 0.123256 0.184062
1 0.851550 0.485861 0.123256 0.184062
1 0.742636 0.564524 0.123256 0.184062
1 0.737597 0.750129 0.123256 0.184062
1 0.850388 0.660154 0.123256 0.184062
1 0.856202 0.839589 0.123256 0.184062
1 0.620155 0.661183 0.123256 0.184062
1 0.618992 0.472494 0.123256 0.184062
1 0.622481 0.297172 0.123256 0.184062
1 0.736047 0.212339 0.123256 0.184062
1 0.855039 0.115167 0.123256 0.184062
1 0.625969 0.113625 0.123256 0.184062
1 0.503101 0.395887 0.123256 0.184062
1 0.377907 0.305913 0.123256 0.184062
1 0.380620 0.486375 0.123256 0.184062
1 0.265504 0.403599 0.123256 0.184062
1 0.265116 0.580977 0.123256 0.184062
1 0.257752 0.758355 0.123256 0.184062
1 0.141085 0.491517 0.123256 0.184062
1 0.255814 0.928278 0.111628 0.140874
1 0.262791 0.213882 0.123256 0.184062
1 0.502713 0.213368 0.123256 0.184062
2 0.490698 0.747558 0.123256 0.184062
2 0.381783 0.660668 0.123256 0.184062
2 0.372093 0.841131 0.123256 0.184062
2 0.611240 0.841645 0.123256 0.184062
0 0.497674 0.572751 0.123256 0.184062
3 0.143023 0.305913 0.123256 0.184062
3 0.142636 0.659126 0.123256 0.184062
3 0.139922 0.855013 0.123256 0.184062
3 0.142636 0.129563 0.123256 0.184062
3 0.387209 0.117738 0.123256 0.184062
0 0.729457 0.924550 0.125581 0.148329
1 0.040795 0.213882 0.081589 0.166581
2 0.043895 0.579177 0.087403 0.176350
2 0.044574 0.748072 0.089147 0.155270
2 0.047287 0.387918 0.094574 0.170180
1 0.955717 0.221594 0.086628 0.161440
1 0.957461 0.068638 0.083140 0.137275
1 0.959012 0.570951 0.080039 0.165039
1 0.960271 0.752699 0.077519 0.156298
1 0.959205 0.927763 0.079651 0.138303
4 0.958043 0.393059 0.081977 0.154756
1 0.496512 0.927506 0.111628 0.142416
1 0.744961 0.058098 0.117829 0.116195
3 0.502907 0.059126 0.121318 0.118252
1 0.265504 0.058483 0.117829 0.116967
