1 0.140310 0.107455 0.142636 0.171722
1 0.136047 0.275578 0.142636 0.171722
1 0.257364 0.182519 0.142636 0.171722
1 0.263178 0.361954 0.142636 0.171722
1 0.373643 0.280206 0.142636 0.171722
1 0.371705 0.100771 0.142636 0.171722
1 0.498450 0.193830 0.142636 0.171722
1 0.616667 0.459640 0.142636 0.171722
1 0.854264 0.643188 0.142636 0.171722
1 0.848450 0.812339 0.142636 0.171722
1 0.727907 0.914267 0.142636 0.168895
1 0.617442 0.635476 0.142636 0.171722
2 0.618605 0.823136 0.142636 0.171722
2 0.498837 0.736247 0.142636 0.171722
2 0.500775 0.556812 0.142636 0.171722
2 0.376357 0.644730 0.142636 0.171722
2 0.492248 0.368638 0.142636 0.171722
2 0.615891 0.276607 0.142636 0.171722
2 0.145736 0.643188 0.142636 0.171722
2 0.739922 0.552185 0.142636 0.171722
3 0.258140 0.553728 0.142636 0.171722
3 0.257752 0.721851 0.142636 0.171722
3 0.255039 0.914396 0.142636 0.168638
3 0.139922 0.454756 0.142636 0.171722
3 0.849612 0.270180 0.142636 0.171722
0 0.728682 0.735733 0.142636 0.171722
0 0.851550 0.452442 0.142636 0.171722
0 0.730233 0.186632 0.142636 0.171722
5 0.493798 0.914524 0.142636 0.168380
4 0.728682 0.364524 0.142636 0.171722
2 0.615504 0.102314 0.142636 0.171722
2 0.384109 0.458612 0.142636 0.171722
0 0.372868 0.820051 0.142636 0.171722
5 0.145349 0.826478 0.142636 0.171722
1 0.849225 0.099743 0.142636 0.171722
1 0.953004 0.055270 0.092054 0.110540
1 0.956880 0.913753 0.084302 0.169923
1 0.956880 0.730848 0.084302 0.173265
1 0.956589 0.368380 0.084884 0.173265
1 0.956492 0.198201 0.085078 0.173265
1 0.043120 0.193573 0.086240 0.173265
0 0.956008 0.549357 0.086047 0.160925
1 0.730620 0.050386 0.115504 0.100771
1 0.483721 0.050000 0.115504 0.100000
1 0.260853 0.050900 0.115504 0.101799
1 0.042829 0.363753 0.085659 0.173265
5 0.042248 0.733548 0.084496 0.165810
3 0.042248 0.551285 0.084496 0.164267
1 0.041182 0.049357 0.080426 0.098715
3 0.037791 0.915167 0.075581 0.167095
3 0.143992 0.960026 0.128295 0.077378
5 0.381589 0.959383 0.143023 0.078663
1 0.853295 0.955913 0.123643 0.085604
1 0.614922 0.955398 0.123643 0.086632
