1 0.537597 0.313111 0.132558 0.186118
0 0.653488 0.414396 0.132558 0.186118
0 0.645349 0.907326 0.132558 0.182776
2 0.887209 0.594859 0.132558 0.186118
2 0.879845 0.755784 0.132558 0.186118
4 0.186434 0.227763 0.132558 0.186118
2 0.774419 0.146015 0.132558 0.186118
1 0.772868 0.347558 0.132558 0.186118
1 0.881008 0.400514 0.132558 0.186118
1 0.775969 0.508997 0.132558 0.186118
1 0.762403 0.675064 0.132558 0.186118
1 0.759690 0.849357 0.132558 0.186118
1 0.633721 0.771722 0.132558 0.186118
1 0.648062 0.597429 0.132558 0.186118
1 0.530620 0.677121 0.132558 0.186118
1 0.413178 0.589203 0.132558 0.186118
1 0.535271 0.494087 0.132558 0.186118
1 0.524806 0.846272 0.132558 0.186118
1 0.410465 0.772751 0.132558 0.186118
1 0.417829 0.906298 0.132558 0.184833
1 0.309690 0.850900 0.132558 0.186118
1 0.299225 0.514139 0.132558 0.186118
1 0.410465 0.408740 0.132558 0.186118
1 0.419380 0.242674 0.132558 0.186118
1 0.421318 0.092031 0.132558 0.184062
1 0.300000 0.137789 0.132558 0.186118
1 0.525969 0.137275 0.132558 0.186118
1 0.303101 0.316710 0.132558 0.186118
1 0.650000 0.232905 0.132558 0.186118
1 0.191085 0.404627 0.132558 0.186118
1 0.170543 0.584062 0.132558 0.186118
1 0.175581 0.765553 0.132558 0.186118
1 0.065698 0.666324 0.131395 0.186118
1 0.065601 0.511568 0.131202 0.186118
1 0.068411 0.138817 0.132558 0.186118
4 0.065795 0.321851 0.131589 0.186118
4 0.303747 0.673122 0.132558 0.186118
4 0.065698 0.856041 0.131395 0.186118
4 0.173256 0.907326 0.132558 0.182776
1 0.893411 0.232905 0.132558 0.186118
1 0.657321 0.092259 0.132558 0.184519
1 0.905814 0.092402 0.132558 0.184804
1 0.877606 0.907512 0.132558 0.182405
1 0.969638 0.522422 0.058786 0.195658
1 0.969154 0.704085 0.059755 0.195658
1 0.969261 0.158812 0.059539 0.195658
1 0.969584 0.321908 0.058893 0.195658
1 0.197825 0.092374 0.132558 0.184747
1 0.771802 0.027349 0.149548 0.054699
1 0.535799 0.026921 0.149548 0.053842
0 0.307332 0.020923 0.120263 0.041845
3 0.969531 0.887175 0.059001 0.195658
