0 0.306589 0.130591 0.120155 0.168638
0 0.072868 0.681234 0.120155 0.168638
1 0.073256 0.484319 0.120155 0.168638
1 0.074419 0.317224 0.120155 0.168638
1 0.065504 0.127506 0.120155 0.168638
1 0.201550 0.217481 0.120155 0.168638
1 0.194186 0.396915 0.120155 0.168638
1 0.191473 0.585604 0.120155 0.168638
1 0.193411 0.757841 0.120155 0.168638
1 0.072868 0.852956 0.120155 0.168638
1 0.198062 0.916581 0.120155 0.164267
1 0.312403 0.849357 0.120155 0.168638
1 0.308140 0.663753 0.120155 0.168638
1 0.307752 0.490488 0.120155 0.168638
1 0.310465 0.312082 0.120155 0.168638
1 0.416279 0.398972 0.120155 0.168638
1 0.429070 0.575321 0.120155 0.168638
1 0.424806 0.767095 0.120155 0.168638
1 0.434496 0.916324 0.120155 0.164781
1 0.547287 0.857069 0.120155 0.168638
1 0.546899 0.668380 0.120155 0.168638
1 0.541860 0.491003 0.120155 0.168638
1 0.540698 0.304370 0.120155 0.168638
1 0.423256 0.222622 0.120155 0.168638
1 0.427519 0.083933 0.120155 0.167866
1 0.535659 0.135476 0.120155 0.168638
1 0.656202 0.223393 0.120155 0.168638
1 0.664341 0.396658 0.120155 0.168638
1 0.662403 0.581234 0.120155 0.168638
1 0.658140 0.758612 0.120155 0.168638
1 0.773643 0.499486 0.120155 0.168638
1 0.784884 0.667609 0.120155 0.168638
1 0.779070 0.847044 0.120155 0.168638
1 0.774806 0.312853 0.120155 0.168638
1 0.777519 0.139589 0.120155 0.168638
1 0.891085 0.233676 0.120155 0.168638
1 0.892248 0.404884 0.120155 0.168638
1 0.894961 0.582262 0.120155 0.168638
1 0.895349 0.755527 0.120155 0.168638
1 0.900388 0.916452 0.120155 0.164524
0 0.663178 0.916324 0.120155 0.164781
1 0.887984 0.068895 0.123256 0.137789
1 0.655039 0.069409 0.123256 0.138817
1 0.195736 0.068895 0.123256 0.137789
1 0.785853 0.972879 0.114341 0.051671
1 0.551357 0.972751 0.114341 0.051928
1 0.318411 0.971465 0.114341 0.054499
1 0.074612 0.973522 0.114341 0.050386
1 0.974709 0.670823 0.048643 0.157069
1 0.974516 0.495501 0.049031 0.157069
1 0.974322 0.310925 0.049419 0.157069
1 0.534496 0.020566 0.113953 0.041131
1 0.775581 0.018638 0.101550 0.037275
1 0.314729 0.018895 0.101550 0.037789
