2 0.407364 0.207198 0.126357 0.186118
2 0.521705 0.311568 0.126357 0.186118
2 0.639922 0.217481 0.126357 0.186118
2 0.755039 0.136761 0.126357 0.186118
2 0.756202 0.302828 0.126357 0.186118
2 0.762791 0.492545 0.126357 0.186118
2 0.876357 0.394344 0.126357 0.186118
2 0.874419 0.579949 0.126357 0.186118
2 0.646899 0.572237 0.126357 0.186118
2 0.644186 0.395887 0.126357 0.186118
2 0.288760 0.495116 0.126357 0.186118
2 0.408527 0.387661 0.126357 0.186118
2 0.407364 0.575321 0.126357 0.186118
2 0.406977 0.761954 0.126357 0.186118
2 0.522868 0.671979 0.126357 0.186118
2 0.062694 0.489460 0.125388 0.186118
2 0.168023 0.219537 0.126357 0.186118
2 0.523450 0.854499 0.126357 0.186118
3 0.647093 0.765553 0.126357 0.186118
3 0.286240 0.302314 0.126357 0.186118
3 0.286628 0.123907 0.126357 0.186118
3 0.282364 0.675578 0.126357 0.186118
3 0.171899 0.570180 0.126357 0.186118
3 0.521705 0.119280 0.126357 0.186118
1 0.761434 0.678663 0.126357 0.186118
1 0.874225 0.226735 0.126357 0.186118
1 0.762984 0.852442 0.126357 0.186118
2 0.878682 0.768638 0.126357 0.186118
2 0.062984 0.855527 0.125969 0.186118
1 0.177326 0.762468 0.126357 0.186118
1 0.290116 0.846272 0.126357 0.186118
3 0.062597 0.686889 0.125194 0.186118
1 0.174225 0.395373 0.126357 0.186118
2 0.062694 0.292545 0.125388 0.186118
4 0.062931 0.138475 0.125861 0.186118
1 0.401260 0.060154 0.133915 0.120308
1 0.635088 0.055527 0.128273 0.111054
1 0.963178 0.126264 0.071705 0.177406
2 0.872147 0.059483 0.125431 0.118966
1 0.968508 0.863553 0.061047 0.174407
2 0.882257 0.936375 0.130405 0.124679
2 0.642248 0.939974 0.126357 0.117481
1 0.400205 0.928149 0.132192 0.141131
2 0.540525 0.489689 0.126357 0.186118
2 0.166634 0.060154 0.120995 0.120308
2 0.165450 0.934833 0.129350 0.127763
