1 0.565116 0.487918 0.137984 0.175835
1 0.689535 0.583033 0.137984 0.175835
1 0.679845 0.407712 0.137984 0.175835
1 0.563953 0.302314 0.137984 0.175835
1 0.814729 0.282262 0.137984 0.175835
1 0.909690 0.227249 0.137984 0.175835
1 0.801550 0.476607 0.137984 0.175835
1 0.914341 0.583033 0.137984 0.175835
1 0.797674 0.665810 0.137984 0.175835
1 0.917442 0.754756 0.137984 0.175835
1 0.916860 0.912853 0.137984 0.171722
1 0.805620 0.837789 0.137984 0.175835
1 0.689729 0.758098 0.137984 0.175835
1 0.570736 0.669152 0.137984 0.175835
1 0.564922 0.851671 0.137984 0.175835
1 0.680814 0.912468 0.137984 0.172494
2 0.457364 0.406684 0.137984 0.175835
2 0.565504 0.127506 0.137984 0.175835
2 0.329457 0.489974 0.137984 0.175835
5 0.204651 0.761440 0.137984 0.175835
0 0.082171 0.679177 0.137984 0.175835
3 0.088372 0.299743 0.137984 0.175835
4 0.439535 0.912468 0.137984 0.172494
2 0.450388 0.211311 0.137984 0.175835
2 0.677519 0.223650 0.137984 0.175835
2 0.787209 0.138817 0.137984 0.175835
2 0.335659 0.122879 0.137984 0.175835
2 0.443798 0.570694 0.137984 0.175835
2 0.331008 0.685347 0.137984 0.175835
2 0.915116 0.398972 0.137984 0.175835
1 0.457946 0.767352 0.137984 0.175835
3 0.192636 0.214910 0.137984 0.175835
3 0.210853 0.401542 0.137984 0.175835
3 0.329845 0.309512 0.137984 0.175835
3 0.206977 0.578406 0.137984 0.175835
3 0.325969 0.851414 0.137984 0.175835
3 0.082946 0.492031 0.137984 0.175835
3 0.087209 0.126478 0.137984 0.175835
5 0.083333 0.851414 0.137984 0.175835
5 0.194574 0.912339 0.137984 0.172751
2 0.916279 0.063239 0.122481 0.126478
2 0.681783 0.063111 0.122481 0.126221
2 0.446512 0.063368 0.122481 0.126735
2 0.216667 0.062982 0.122481 0.125964
1 0.566764 0.972879 0.121124 0.051671
4 0.318023 0.975450 0.119767 0.046530
3 0.071221 0.972879 0.133140 0.051671
3 0.799709 0.971337 0.107946 0.054756
