1 0.086047 0.236504 0.134884 0.191260
1 0.209690 0.157841 0.134884 0.191260
1 0.203101 0.335219 0.134884 0.191260
1 0.200388 0.519794 0.134884 0.191260
1 0.196899 0.682776 0.134884 0.191260
1 0.080233 0.605141 0.134884 0.191260
1 0.307752 0.787661 0.134884 0.191260
1 0.325194 0.420051 0.134884 0.191260
1 0.312403 0.238560 0.134884 0.191260
1 0.434496 0.321337 0.134884 0.191260
1 0.427907 0.520308 0.134884 0.191260
1 0.434496 0.713111 0.134884 0.191260
1 0.434109 0.885347 0.134884 0.191260
1 0.553876 0.244216 0.134884 0.191260
1 0.667442 0.325964 0.134884 0.191260
1 0.674031 0.513625 0.134884 0.191260
1 0.663566 0.694087 0.134884 0.191260
1 0.663178 0.873522 0.134884 0.191260
1 0.543411 0.607712 0.134884 0.191260
1 0.782558 0.244216 0.134884 0.191260
1 0.794574 0.424679 0.134884 0.191260
1 0.781783 0.789203 0.134884 0.191260
1 0.901550 0.691003 0.134884 0.191260
1 0.900388 0.876607 0.134884 0.191260
1 0.903101 0.533676 0.134884 0.191260
1 0.543798 0.786118 0.134884 0.191260
1 0.905426 0.336247 0.134884 0.191260
1 0.908915 0.151671 0.134884 0.191260
2 0.081008 0.785090 0.134884 0.191260
2 0.198450 0.874036 0.134884 0.191260
3 0.667829 0.141388 0.134884 0.191260
0 0.320543 0.603085 0.134884 0.191260
2 0.084496 0.425707 0.134884 0.191260
1 0.549612 0.427763 0.134884 0.191260
1 0.781783 0.607198 0.134884 0.191260
1 0.782558 0.067352 0.126357 0.134704
1 0.547287 0.067609 0.126357 0.135219
1 0.437984 0.139717 0.119380 0.162211
2 0.323837 0.068895 0.125969 0.137789
1 0.316085 0.942031 0.114341 0.113368
1 0.545155 0.941388 0.114341 0.114653
1 0.078876 0.941517 0.114341 0.114396
3 0.088372 0.073522 0.139535 0.147044
1 0.441860 0.027121 0.119380 0.054242
1 0.920543 0.026735 0.119380 0.053470
3 0.778682 0.926607 0.139535 0.144216
1 0.211240 0.026478 0.119380 0.052956
1 0.017061 0.501056 0.034122 0.169849
1 0.017200 0.345253 0.034399 0.169849
1 0.017078 0.165351 0.034157 0.169849
1 0.983181 0.600578 0.031700 0.169849
1 0.982870 0.766710 0.032323 0.169849
1 0.979444 0.936375 0.039175 0.124679
