2 0.378682 0.134190 0.127907 0.173779
2 0.493798 0.214910 0.127907 0.173779
2 0.606589 0.312082 0.127907 0.173779
2 0.729457 0.409254 0.127907 0.173779
2 0.608140 0.495116 0.127907 0.173779
2 0.500775 0.411311 0.127907 0.173779
2 0.496512 0.758355 0.127907 0.173779
2 0.501550 0.597429 0.127907 0.173779
2 0.611413 0.143273 0.127907 0.173779
2 0.729845 0.224679 0.127907 0.173779
3 0.857364 0.317738 0.127907 0.173779
3 0.849225 0.498201 0.127907 0.173779
3 0.731783 0.594344 0.127907 0.173779
3 0.611240 0.674036 0.127907 0.173779
3 0.373643 0.311568 0.127907 0.173779
1 0.849612 0.663239 0.127907 0.173779
1 0.384496 0.687918 0.127907 0.173779
1 0.375581 0.494087 0.127907 0.173779
1 0.251938 0.592288 0.127907 0.173779
1 0.252326 0.417995 0.127907 0.173779
1 0.248062 0.230334 0.127907 0.173779
1 0.132171 0.312082 0.127907 0.173779
4 0.129070 0.140189 0.127907 0.173779
2 0.733333 0.777378 0.127907 0.173779
2 0.853101 0.869409 0.127907 0.173779
1 0.382558 0.858098 0.127907 0.173779
1 0.253488 0.771208 0.127907 0.173779
1 0.136047 0.870437 0.127907 0.173779
3 0.840310 0.134704 0.127907 0.173779
2 0.947965 0.087932 0.102132 0.167638
2 0.619423 0.873350 0.127907 0.173779
1 0.734625 0.914067 0.127907 0.169294
2 0.954554 0.404513 0.088953 0.167381
2 0.957655 0.604941 0.082752 0.140474
2 0.040310 0.414910 0.077519 0.163496
2 0.039922 0.777521 0.079845 0.158069
2 0.132009 0.502599 0.124483 0.174350
1 0.039922 0.594859 0.079845 0.167609
2 0.038372 0.931620 0.076744 0.115167
2 0.256158 0.913439 0.127907 0.170551
2 0.492162 0.914082 0.127907 0.169266
2 0.258183 0.063753 0.133247 0.127506
2 0.726960 0.066324 0.125926 0.132648
2 0.039535 0.226021 0.079070 0.169037
1 0.951453 0.232819 0.095155 0.155099
1 0.958043 0.775150 0.081977 0.164182
1 0.958818 0.927635 0.080426 0.142159
2 0.495026 0.058612 0.124677 0.117224
2 0.135271 0.685347 0.127907 0.173779
