1 0.208527 0.319280 0.131783 0.190231
1 0.202713 0.491517 0.131783 0.190231
1 0.203101 0.677121 0.131783 0.190231
1 0.203488 0.855527 0.131783 0.190231
1 0.435659 0.670951 0.131783 0.190231
1 0.553101 0.396915 0.131783 0.190231
1 0.549612 0.575321 0.131783 0.190231
1 0.554651 0.766067 0.131783 0.190231
1 0.555426 0.932905 0.137209 0.130591
1 0.554651 0.213625 0.131783 0.190231
1 0.326357 0.389974 0.131783 0.190231
1 0.663178 0.484062 0.131783 0.190231
1 0.668217 0.297429 0.131783 0.190231
1 0.680233 0.122108 0.131783 0.190231
1 0.793798 0.210026 0.131783 0.190231
1 0.791085 0.393573 0.131783 0.190231
1 0.788372 0.579177 0.131783 0.190231
1 0.791085 0.760668 0.131783 0.190231
1 0.903876 0.656298 0.131783 0.190231
1 0.901938 0.489203 0.131783 0.190231
1 0.906202 0.121594 0.131783 0.190231
1 0.432946 0.858355 0.131783 0.190231
1 0.096899 0.401285 0.131783 0.190231
1 0.317442 0.223907 0.131783 0.190231
1 0.092248 0.210026 0.131783 0.190231
1 0.322093 0.573522 0.131783 0.190231
1 0.312016 0.935476 0.132558 0.126478
1 0.437597 0.301028 0.131783 0.190231
1 0.087597 0.576093 0.131783 0.190231
1 0.674031 0.658869 0.131783 0.190231
1 0.813953 0.926992 0.128682 0.143445
2 0.441473 0.488432 0.131783 0.190231
0 0.439147 0.124422 0.131783 0.190231
3 0.085659 0.765039 0.131783 0.190231
2 0.309302 0.747044 0.131783 0.190231
2 0.215116 0.126478 0.131783 0.190231
2 0.660465 0.851928 0.131783 0.190231
1 0.908140 0.846015 0.131783 0.190231
1 0.909302 0.315938 0.131783 0.190231
1 0.795349 0.051928 0.133333 0.103856
1 0.563953 0.051671 0.133333 0.103342
1 0.091473 0.051799 0.133333 0.103599
1 0.086047 0.928663 0.131783 0.140103
1 0.678488 0.975835 0.130620 0.045758
2 0.325194 0.054499 0.132558 0.108997
1 0.217442 0.014910 0.123256 0.029820
1 0.018605 0.481877 0.037209 0.159126
1 0.019089 0.304499 0.038178 0.159126
1 0.018992 0.141517 0.037984 0.159126
0 0.013953 0.656555 0.027907 0.169666
1 0.018895 0.845887 0.037791 0.159126
1 0.199031 0.973393 0.120543 0.050643
1 0.424612 0.975450 0.130620 0.046530
1 0.911822 0.974679 0.130620 0.048072
