1 0.893992 0.415167 0.129845 0.183548
1 0.768023 0.340617 0.129845 0.183548
1 0.765310 0.505656 0.129845 0.183548
1 0.652519 0.425964 0.129845 0.183548
1 0.887791 0.594087 0.129845 0.183548
1 0.769574 0.690231 0.129845 0.183548
1 0.880814 0.771979 0.129845 0.183548
1 0.774225 0.868123 0.129845 0.183548
1 0.659884 0.787404 0.129845 0.183548
1 0.534690 0.687147 0.129845 0.183548
1 0.535853 0.514910 0.129845 0.183548
1 0.417636 0.604884 0.129845 0.183548
1 0.411047 0.774036 0.129845 0.183548
1 0.540116 0.867095 0.129845 0.183548
1 0.297093 0.694859 0.129845 0.183548
1 0.188953 0.770437 0.129845 0.183548
1 0.185465 0.908483 0.129845 0.180463
1 0.064244 0.689460 0.128488 0.183548
1 0.303488 0.140874 0.129845 0.183548
1 0.406977 0.238046 0.129845 0.183548
1 0.425194 0.090874 0.129845 0.181748
1 0.537209 0.159383 0.129845 0.183548
1 0.648450 0.091388 0.129845 0.182776
1 0.661240 0.239589 0.129845 0.183548
1 0.774031 0.152699 0.129845 0.183548
1 0.887597 0.238560 0.129845 0.183548
0 0.303101 0.332134 0.129845 0.183548
0 0.064438 0.319280 0.128876 0.183548
2 0.540310 0.323907 0.129845 0.183548
3 0.417054 0.418509 0.129845 0.183548
2 0.298062 0.506427 0.129845 0.183548
2 0.179845 0.593316 0.129845 0.183548
2 0.064341 0.137275 0.128682 0.183548
2 0.171318 0.417481 0.129845 0.183548
2 0.176129 0.091229 0.129845 0.182459
2 0.064535 0.512082 0.129070 0.183548
2 0.295543 0.864267 0.129845 0.183548
2 0.647093 0.608740 0.129845 0.183548
0 0.646990 0.908937 0.129845 0.179555
0 0.888372 0.091003 0.129845 0.182005
2 0.177611 0.220051 0.129845 0.183548
2 0.419631 0.908839 0.129845 0.179752
2 0.064894 0.863179 0.129788 0.183548
1 0.965891 0.858355 0.066279 0.182519
3 0.964632 0.345887 0.068798 0.175578
0 0.964244 0.162211 0.069574 0.178406
1 0.887791 0.908869 0.129845 0.179692
1 0.965601 0.690231 0.066860 0.182519
1 0.965795 0.523136 0.066473 0.182519
1 0.773256 0.976478 0.131008 0.044473
1 0.520155 0.976735 0.131008 0.043959
1 0.307364 0.975707 0.131008 0.046015
1 0.065310 0.976992 0.130620 0.043445
