1 0.295736 0.156812 0.126357 0.167609
1 0.420155 0.245758 0.126357 0.167609
1 0.532946 0.338817 0.126357 0.167609
1 0.654264 0.425707 0.126357 0.167609
1 0.771705 0.343959 0.126357 0.167609
1 0.768992 0.519280 0.126357 0.167609
1 0.883333 0.433419 0.126357 0.167609
1 0.651163 0.606684 0.126357 0.167609
1 0.775581 0.706941 0.126357 0.167609
1 0.883721 0.620051 0.126357 0.167609
1 0.887209 0.790860 0.126357 0.167609
1 0.426357 0.603599 0.126357 0.167609
1 0.415891 0.428278 0.126357 0.167609
1 0.176744 0.426735 0.126357 0.167609
2 0.293411 0.524936 0.126357 0.167609
2 0.291473 0.334190 0.126357 0.167609
2 0.176357 0.234961 0.126357 0.167609
2 0.526357 0.157326 0.126357 0.167609
2 0.654651 0.259640 0.126357 0.167609
2 0.881395 0.256041 0.126357 0.167609
2 0.172093 0.607712 0.126357 0.167609
2 0.417442 0.791260 0.126357 0.167609
2 0.540310 0.694087 0.126357 0.167609
2 0.530620 0.512596 0.126357 0.167609
2 0.303876 0.880206 0.126357 0.167609
1 0.296512 0.703856 0.126357 0.167609
1 0.173342 0.788289 0.126357 0.167609
1 0.657752 0.771722 0.126357 0.167609
1 0.768217 0.168638 0.126357 0.167609
2 0.532946 0.882776 0.126357 0.167609
2 0.878295 0.083290 0.126357 0.166581
2 0.655426 0.083162 0.126357 0.166324
2 0.766279 0.879177 0.126357 0.167609
1 0.190784 0.083419 0.126357 0.166838
2 0.062597 0.130991 0.125194 0.167609
2 0.062812 0.532019 0.125624 0.167609
1 0.062597 0.698600 0.125194 0.167609
1 0.063028 0.881120 0.126055 0.167609
2 0.415676 0.083076 0.126357 0.166153
1 0.968292 0.163282 0.061477 0.165753
1 0.968131 0.339232 0.061800 0.165753
1 0.967808 0.697986 0.062446 0.165753
1 0.968185 0.881077 0.061693 0.165753
0 0.968400 0.524036 0.061262 0.165753
1 0.410957 0.945331 0.126553 0.106767
3 0.183669 0.945281 0.126553 0.106867
2 0.652730 0.945297 0.126140 0.106835
3 0.887910 0.944768 0.126140 0.107894
3 0.062397 0.342779 0.124795 0.167609
