0 0.429845 0.522365 0.141085 0.173779
0 0.440698 0.354756 0.141085 0.173779
0 0.554264 0.624679 0.141085 0.173779
0 0.899612 0.535733 0.141085 0.173779
0 0.901550 0.726478 0.141085 0.173779
0 0.322868 0.796915 0.141085 0.173779
3 0.072868 0.619280 0.141085 0.173779
2 0.436822 0.167609 0.141085 0.173779
2 0.315504 0.427249 0.141085 0.173779
2 0.792636 0.810283 0.141085 0.173779
2 0.437209 0.880720 0.141085 0.173779
2 0.549225 0.448329 0.141085 0.173779
2 0.668217 0.179434 0.141085 0.173779
2 0.790310 0.086632 0.141085 0.173265
2 0.898450 0.348072 0.141085 0.173779
2 0.191860 0.166581 0.141085 0.173779
5 0.075581 0.440360 0.141085 0.173779
1 0.203682 0.714396 0.141085 0.173779
1 0.202713 0.529306 0.141085 0.173779
1 0.206589 0.893059 0.141085 0.173779
1 0.077713 0.796658 0.141085 0.173779
1 0.557364 0.805656 0.141085 0.173779
1 0.446899 0.723393 0.141085 0.173779
1 0.673643 0.718252 0.141085 0.173779
1 0.669767 0.885347 0.141085 0.173779
1 0.668798 0.530591 0.141085 0.173779
1 0.792829 0.623136 0.141085 0.173779
1 0.787016 0.440617 0.141085 0.173779
1 0.667829 0.349357 0.141085 0.173779
1 0.787016 0.256812 0.141085 0.173779
1 0.896512 0.175835 0.141085 0.173779
1 0.559302 0.254242 0.141085 0.173779
1 0.563178 0.086375 0.141085 0.172751
1 0.320930 0.252956 0.141085 0.173779
1 0.209496 0.341645 0.141085 0.173779
1 0.074806 0.255527 0.141085 0.173779
3 0.320930 0.619280 0.141085 0.173779
3 0.318992 0.087147 0.141085 0.173779
1 0.442862 0.047344 0.135594 0.094687
1 0.070306 0.086875 0.140612 0.173750
1 0.911800 0.913796 0.141085 0.169837
0 0.792087 0.947301 0.140805 0.102828
0 0.670640 0.052999 0.140805 0.105998
1 0.202552 0.046701 0.135594 0.093402
1 0.914007 0.047129 0.135594 0.094259
3 0.313017 0.952856 0.135594 0.091717
3 0.073137 0.953142 0.135594 0.091145
1 0.559571 0.952571 0.135594 0.092288
5 0.972287 0.432519 0.053488 0.171979
5 0.971802 0.804242 0.054457 0.171979
1 0.971705 0.625835 0.054651 0.171979
