1 0.308527 0.452442 0.131783 0.180977
1 0.425969 0.535219 0.131783 0.180977
1 0.535659 0.451414 0.131783 0.180977
1 0.670930 0.365553 0.131783 0.180977
1 0.768992 0.447301 0.131783 0.180977
1 0.898837 0.361440 0.131783 0.180977
1 0.896124 0.552185 0.131783 0.180977
1 0.773256 0.631877 0.131783 0.180977
1 0.895349 0.717738 0.131783 0.180977
1 0.767829 0.804627 0.131783 0.180977
1 0.649612 0.719794 0.131783 0.180977
1 0.655426 0.908355 0.131783 0.180720
1 0.539535 0.802057 0.131783 0.180977
1 0.426744 0.720308 0.131783 0.180977
1 0.416279 0.897686 0.131783 0.180977
1 0.306589 0.814910 0.131783 0.180977
1 0.303101 0.621080 0.131783 0.180977
1 0.190310 0.711054 0.131783 0.180977
1 0.186047 0.529563 0.131783 0.180977
1 0.185659 0.894087 0.131783 0.180977
1 0.075194 0.820566 0.131783 0.180977
1 0.065407 0.629820 0.130814 0.180977
1 0.066860 0.460668 0.131783 0.180977
1 0.076550 0.273008 0.131783 0.180977
1 0.065407 0.091517 0.130814 0.180977
1 0.192442 0.177378 0.131783 0.180977
1 0.310659 0.097686 0.131783 0.180977
1 0.434302 0.188689 0.131783 0.180977
1 0.661047 0.195373 0.131783 0.180977
1 0.776938 0.097172 0.131783 0.180977
0 0.897481 0.184062 0.131783 0.180977
0 0.311047 0.268895 0.131783 0.180977
0 0.541667 0.274550 0.131783 0.180977
4 0.770736 0.270951 0.131783 0.180977
4 0.656395 0.533676 0.131783 0.180977
4 0.538178 0.628792 0.131783 0.180977
4 0.430039 0.373265 0.131783 0.180977
4 0.187016 0.349100 0.131783 0.180977
4 0.540891 0.092545 0.131783 0.180977
0 0.892442 0.897172 0.131783 0.180977
0 0.440461 0.045915 0.129630 0.091831
1 0.667485 0.048058 0.132084 0.096115
1 0.900904 0.047915 0.132084 0.095830
0 0.767550 0.950528 0.129630 0.092945
0 0.968508 0.470623 0.061047 0.177749
0 0.968615 0.843659 0.060831 0.177749
4 0.975560 0.664253 0.046942 0.179406
1 0.979543 0.266281 0.038975 0.177521
1 0.979382 0.113753 0.039298 0.177521
1 0.184485 0.039075 0.133355 0.078149
1 0.065676 0.951857 0.131352 0.093716
1 0.539901 0.951500 0.132084 0.094430
1 0.307558 0.951714 0.132084 0.094002
