4 0.293411 0.621594 0.141860 0.196401
4 0.541279 0.607455 0.149225 0.223650
4 0.648837 0.735733 0.148837 0.198458
4 0.411822 0.723136 0.144574 0.202057
4 0.186434 0.745501 0.144961 0.197429
4 0.074419 0.853985 0.148837 0.232391
4 0.168023 0.933805 0.140698 0.129820
3 0.060950 0.639717 0.121899 0.162211
3 0.285950 0.851285 0.143992 0.193059
3 0.863178 0.708483 0.143411 0.213882
3 0.867926 0.928663 0.134302 0.140103
3 0.431589 0.926093 0.137597 0.145244
3 0.649031 0.926093 0.137597 0.145244
3 0.544477 0.851799 0.143992 0.193059
0 0.755717 0.849229 0.143992 0.193059
