4 0.177132 0.243188 0.137209 0.206684
2 0.659690 0.457584 0.137209 0.206684
0 0.756589 0.131620 0.137209 0.206684
3 0.416279 0.233419 0.137209 0.206684
4 0.184496 0.651928 0.137209 0.206684
3 0.181008 0.446787 0.137209 0.206684
3 0.303101 0.137789 0.137209 0.206684
2 0.304264 0.744987 0.137209 0.206684
2 0.427132 0.649871 0.137209 0.206684
2 0.898062 0.647301 0.137209 0.206684
2 0.899225 0.838046 0.137209 0.206684
4 0.891473 0.458612 0.137209 0.206684
3 0.305814 0.351157 0.137209 0.206684
3 0.311628 0.547044 0.137209 0.206684
3 0.423643 0.459126 0.137209 0.206684
3 0.533333 0.356812 0.137209 0.206684
3 0.533721 0.160925 0.137209 0.206684
3 0.539535 0.550129 0.137209 0.206684
3 0.543798 0.743959 0.137209 0.206684
1 0.662791 0.835990 0.137209 0.206684
3 0.655814 0.645758 0.137209 0.206684
3 0.781783 0.559897 0.137209 0.206684
3 0.780620 0.753728 0.137209 0.206684
3 0.767829 0.352185 0.137209 0.206684
3 0.652713 0.237532 0.137209 0.206684
3 0.874806 0.239075 0.137209 0.206684
3 0.069767 0.740360 0.137209 0.206684
3 0.193411 0.836504 0.137209 0.206684
3 0.424806 0.835990 0.137209 0.206684
4 0.068120 0.140874 0.136240 0.206684
3 0.068120 0.558869 0.136240 0.206684
3 0.068411 0.355784 0.136822 0.206684
3 0.873450 0.062211 0.138372 0.124422
4 0.655426 0.064267 0.140310 0.128535
4 0.417829 0.064524 0.140310 0.129049
4 0.177907 0.064653 0.140310 0.129306
2 0.318217 0.925578 0.134109 0.146272
2 0.776744 0.925835 0.134109 0.145758
2 0.774806 0.924550 0.134109 0.148329
1 0.548837 0.926093 0.137984 0.145244
1 0.068217 0.926350 0.136434 0.144730
