5 0.105039 0.373265 0.137209 0.174807
5 0.102326 0.543445 0.137209 0.174807
5 0.100388 0.725964 0.137209 0.174807
5 0.228682 0.460154 0.137209 0.174807
5 0.354651 0.379434 0.137209 0.174807
5 0.227907 0.824165 0.137209 0.174807
5 0.098837 0.912211 0.137209 0.173008
1 0.587597 0.383033 0.137209 0.174807
1 0.591085 0.567609 0.137209 0.174807
1 0.586822 0.733676 0.137209 0.174807
1 0.587984 0.913111 0.137209 0.171208
1 0.462791 0.462982 0.137209 0.174807
1 0.591085 0.211568 0.137209 0.174807
1 0.463566 0.104113 0.137209 0.174807
1 0.705814 0.109769 0.137209 0.174807
1 0.702326 0.287147 0.137209 0.174807
1 0.704264 0.465553 0.137209 0.174807
1 0.705426 0.654242 0.137209 0.174807
1 0.711240 0.827506 0.137209 0.174807
1 0.824806 0.740617 0.137209 0.174807
1 0.823643 0.573522 0.137209 0.174807
1 0.831783 0.388946 0.137209 0.174807
1 0.828295 0.202314 0.137209 0.174807
1 0.931589 0.649100 0.134884 0.174807
1 0.931977 0.834704 0.134109 0.174807
1 0.931783 0.298458 0.134496 0.174807
1 0.462984 0.828535 0.137209 0.174807
2 0.470543 0.285347 0.137209 0.174807
2 0.452326 0.642674 0.137209 0.174807
2 0.351163 0.552699 0.137209 0.174807
2 0.353876 0.741388 0.137209 0.174807
2 0.351938 0.913111 0.137209 0.171208
2 0.226744 0.642931 0.137209 0.174807
2 0.349612 0.204370 0.137209 0.174807
3 0.227907 0.294602 0.137209 0.174807
3 0.098062 0.192288 0.137209 0.174807
2 0.229070 0.116452 0.137209 0.174807
0 0.931783 0.474550 0.134496 0.174807
1 0.940988 0.121594 0.116085 0.154242
1 0.825581 0.051928 0.120930 0.103856
1 0.587209 0.051285 0.120930 0.102571
2 0.345155 0.051928 0.137597 0.103856
2 0.219961 0.948201 0.137597 0.101028
3 0.097481 0.043702 0.129070 0.087404
1 0.471124 0.957455 0.125194 0.082519
1 0.813178 0.924036 0.119380 0.149357
1 0.938081 0.958355 0.121899 0.080720
2 0.708140 0.962596 0.132558 0.072237
