5 0.613178 0.310540 0.134884 0.195373
1 0.370930 0.503342 0.134884 0.195373
4 0.365116 0.674550 0.134884 0.195373
4 0.495736 0.780977 0.134884 0.195373
4 0.691473 0.902699 0.134884 0.192031
5 0.709690 0.401542 0.134884 0.195373
5 0.843411 0.506941 0.134884 0.195373
5 0.944574 0.598201 0.108915 0.186632
5 0.718023 0.582005 0.134884 0.195373
5 0.599806 0.498201 0.134884 0.195373
5 0.609496 0.677635 0.134884 0.195373
5 0.486628 0.577378 0.134884 0.195373
5 0.490116 0.410283 0.134884 0.195373
5 0.489729 0.217481 0.134884 0.195373
5 0.611047 0.146015 0.134884 0.195373
5 0.725388 0.227763 0.134884 0.195373
5 0.847481 0.330077 0.134884 0.195373
5 0.846878 0.137903 0.134884 0.195373
5 0.369746 0.125621 0.134884 0.195373
5 0.133140 0.120823 0.134884 0.195373
5 0.487016 0.902828 0.134884 0.191774
0 0.722481 0.774293 0.134884 0.195373
3 0.844186 0.682776 0.134884 0.195373
3 0.950678 0.415167 0.096705 0.184576
1 0.039535 0.748715 0.079070 0.168380
1 0.144961 0.318766 0.134884 0.195373
5 0.364147 0.843445 0.134884 0.195373
1 0.259109 0.902571 0.134884 0.192288
3 0.371705 0.307969 0.134884 0.195373
0 0.625194 0.858098 0.134884 0.195373
1 0.842442 0.849357 0.134884 0.195373
1 0.946705 0.770051 0.104651 0.172494
5 0.943314 0.231234 0.111434 0.164267
5 0.039535 0.389974 0.079070 0.178406
5 0.038372 0.573265 0.076744 0.179949
5 0.254651 0.097044 0.134884 0.194087
5 0.424806 0.738560 0.134884 0.195373
4 0.250000 0.760411 0.134884 0.195373
0 0.144186 0.870308 0.117829 0.157069
0 0.032364 0.921979 0.064729 0.153470
5 0.497007 0.097158 0.134884 0.194316
5 0.729350 0.096658 0.134884 0.193316
0 0.943508 0.071337 0.111047 0.142674
1 0.946899 0.914267 0.104264 0.168895
1 0.040310 0.222751 0.080620 0.159126
1 0.044574 0.062725 0.089147 0.125450
