1 0.095736 0.409254 0.124806 0.162468
1 0.216279 0.510540 0.124806 0.162468
1 0.218992 0.692031 0.124806 0.162468
1 0.334109 0.610283 0.124806 0.162468
1 0.344574 0.785604 0.124806 0.162468
1 0.459690 0.879692 0.124806 0.162468
1 0.696512 0.697172 0.124806 0.162468
1 0.698450 0.515681 0.124806 0.162468
1 0.698062 0.328021 0.124806 0.162468
1 0.812403 0.425193 0.124806 0.162468
1 0.829070 0.780463 0.124806 0.162468
2 0.448450 0.156298 0.124806 0.162468
3 0.331783 0.229820 0.124806 0.162468
3 0.336047 0.414396 0.124806 0.162468
3 0.450388 0.321337 0.124806 0.162468
3 0.457752 0.688946 0.124806 0.162468
3 0.710078 0.872494 0.124806 0.162468
3 0.938275 0.322879 0.121512 0.162468
3 0.341667 0.937404 0.125194 0.122622
2 0.213178 0.317224 0.124806 0.162468
2 0.092248 0.080591 0.124806 0.161183
2 0.220543 0.146272 0.124806 0.162468
2 0.577519 0.234190 0.124806 0.162468
2 0.574031 0.411568 0.124806 0.162468
2 0.577519 0.595116 0.124806 0.162468
2 0.453876 0.505141 0.124806 0.162468
2 0.825581 0.598201 0.124806 0.162468
2 0.937694 0.504113 0.122674 0.162468
2 0.937791 0.684576 0.122481 0.162468
2 0.938081 0.864010 0.121899 0.162468
2 0.693411 0.146787 0.124806 0.162468
2 0.817829 0.080848 0.124806 0.161697
2 0.938275 0.142931 0.121512 0.162468
2 0.817829 0.242159 0.124806 0.162468
2 0.572481 0.080720 0.124806 0.161440
2 0.334109 0.081105 0.124806 0.162211
2 0.101938 0.775578 0.124806 0.162468
2 0.580233 0.781491 0.124806 0.162468
2 0.588178 0.935861 0.126744 0.125707
2 0.822674 0.933933 0.131395 0.129563
2 0.104845 0.935733 0.126744 0.125964
3 0.098062 0.591260 0.124806 0.162468
3 0.219380 0.870437 0.124806 0.162468
2 0.097287 0.237532 0.124806 0.162468
