3 0.368992 0.427763 0.136434 0.203599
2 0.618217 0.653470 0.136434 0.203599
4 0.596512 0.260668 0.136434 0.203599
1 0.737791 0.919923 0.129845 0.157584
0 0.614341 0.842674 0.136434 0.203599
5 0.387984 0.831362 0.136434 0.203599
3 0.484109 0.374807 0.136434 0.203599
4 0.141085 0.424679 0.136434 0.203599
4 0.715116 0.151671 0.136434 0.203599
4 0.838760 0.251928 0.136434 0.203599
4 0.850000 0.648329 0.136434 0.203599
2 0.729457 0.747558 0.136434 0.203599
2 0.845349 0.837532 0.136434 0.203599
3 0.499612 0.543445 0.136434 0.203599
3 0.608140 0.457069 0.136434 0.203599
3 0.725969 0.549614 0.136434 0.203599
3 0.844186 0.449871 0.116279 0.175835
3 0.374806 0.634961 0.136434 0.203599
3 0.262791 0.525450 0.113178 0.183033
3 0.259302 0.728535 0.136434 0.203599
3 0.253488 0.333162 0.136434 0.203599
3 0.151163 0.827763 0.136434 0.203599
3 0.135271 0.215424 0.136434 0.203599
3 0.241860 0.115167 0.136434 0.203599
3 0.359302 0.217481 0.136434 0.203599
3 0.472868 0.137789 0.136434 0.203599
2 0.489535 0.734704 0.136434 0.203599
1 0.502519 0.920051 0.129845 0.157326
4 0.595736 0.069409 0.138760 0.138817
4 0.846512 0.069409 0.138760 0.138817
3 0.951841 0.165039 0.094380 0.190231
3 0.951938 0.352699 0.094186 0.190231
3 0.952132 0.552699 0.093798 0.190231
3 0.952035 0.753728 0.093992 0.190231
3 0.958818 0.930206 0.080426 0.137018
3 0.045058 0.913239 0.090116 0.170951
3 0.044380 0.729692 0.088760 0.170951
3 0.044574 0.516324 0.089147 0.170951
3 0.044671 0.335861 0.089341 0.170951
3 0.044961 0.095758 0.089922 0.191517
3 0.118411 0.052956 0.129070 0.105913
3 0.358333 0.051928 0.132946 0.103856
3 0.141085 0.628278 0.136434 0.203599
2 0.717829 0.350643 0.136434 0.203599
