3 0.209302 0.260154 0.133333 0.185090
3 0.453101 0.261697 0.133333 0.185090
3 0.687597 0.440103 0.133333 0.185090
3 0.809690 0.710026 0.133333 0.185090
3 0.575969 0.711568 0.133333 0.185090
3 0.454651 0.619537 0.133333 0.185090
3 0.334884 0.706427 0.133333 0.185090
3 0.218992 0.638046 0.133333 0.185090
3 0.099225 0.718766 0.133333 0.185090
3 0.336047 0.169152 0.133333 0.185090
4 0.444186 0.433933 0.133333 0.185090
2 0.692636 0.251414 0.133333 0.185090
2 0.573643 0.353728 0.133333 0.185090
2 0.575581 0.531105 0.133333 0.185090
2 0.814729 0.532648 0.133333 0.185090
2 0.701938 0.619537 0.133333 0.185090
2 0.689922 0.815424 0.133333 0.185090
2 0.457752 0.808740 0.133333 0.185090
2 0.221705 0.448329 0.133333 0.185090
2 0.325969 0.346015 0.133333 0.185090
2 0.334884 0.518252 0.133333 0.185090
2 0.091860 0.351157 0.133333 0.185090
2 0.099225 0.166581 0.133333 0.185090
2 0.459302 0.091645 0.133333 0.183290
2 0.686822 0.092416 0.133333 0.184833
2 0.931395 0.250129 0.133333 0.185090
2 0.933624 0.801799 0.130814 0.185090
2 0.574419 0.162211 0.133333 0.185090
1 0.815116 0.352185 0.133333 0.185090
1 0.933430 0.616967 0.131202 0.185090
1 0.811628 0.165039 0.133333 0.185090
1 0.933527 0.091774 0.131008 0.183548
1 0.817248 0.908483 0.133333 0.180463
3 0.577132 0.893059 0.133333 0.185090
3 0.219380 0.814396 0.133333 0.185090
2 0.208527 0.092159 0.133333 0.184319
3 0.103876 0.534704 0.133333 0.185090
3 0.100388 0.905398 0.133333 0.185090
1 0.931783 0.445758 0.133333 0.185090
1 0.943702 0.954884 0.110659 0.087661
