0 0.636047 0.286889 0.127907 0.187147
1 0.636434 0.463239 0.127907 0.187147
2 0.872093 0.281748 0.100775 0.146015
1 0.160853 0.092802 0.127907 0.185604
1 0.160465 0.267352 0.127907 0.187147
1 0.161628 0.458098 0.127907 0.187147
1 0.162016 0.822622 0.127907 0.187147
1 0.282558 0.717224 0.127907 0.187147
1 0.295349 0.530591 0.127907 0.187147
1 0.289535 0.193830 0.127907 0.187147
1 0.403101 0.279692 0.127907 0.187147
1 0.398062 0.456041 0.127907 0.187147
1 0.393798 0.827763 0.127907 0.187147
1 0.516667 0.726478 0.127907 0.187147
1 0.517829 0.557326 0.127907 0.187147
1 0.758527 0.561954 0.127907 0.187147
1 0.630233 0.835990 0.127907 0.187147
5 0.751550 0.035990 0.129457 0.071979
1 0.749031 0.902956 0.113566 0.170951
1 0.862403 0.651671 0.127907 0.187147
2 0.869380 0.828278 0.093798 0.134704
2 0.164729 0.636504 0.110853 0.154242
0 0.288372 0.902828 0.111628 0.152185
2 0.285271 0.362982 0.114729 0.141902
1 0.397287 0.093059 0.127907 0.186118
2 0.520736 0.189460 0.092636 0.115681
3 0.635659 0.647301 0.127907 0.187147
1 0.751163 0.370180 0.127907 0.187147
3 0.753488 0.191774 0.116279 0.167609
1 0.517054 0.907069 0.127907 0.183290
1 0.633721 0.100257 0.127907 0.187147
2 0.867829 0.112082 0.101550 0.125450
3 0.857752 0.465810 0.127907 0.187147
1 0.512597 0.045244 0.131395 0.090488
1 0.285853 0.045630 0.131395 0.091260
1 0.654264 0.969794 0.085271 0.057841
1 0.867248 0.962082 0.112791 0.073265
1 0.162209 0.953985 0.131395 0.089460
1 0.051163 0.890874 0.102326 0.161697
1 0.050872 0.727892 0.101744 0.161697
1 0.051260 0.564910 0.102519 0.161697
1 0.053004 0.348458 0.102907 0.161697
1 0.052713 0.035476 0.105426 0.070951
1 0.962694 0.192931 0.072674 0.161697
1 0.963760 0.919409 0.070543 0.158612
2 0.964244 0.374550 0.069574 0.171208
0 0.959593 0.558612 0.078876 0.171208
3 0.052422 0.197686 0.104845 0.182519
2 0.403488 0.643188 0.114729 0.141902
2 0.518992 0.382005 0.093798 0.101799
1 0.752132 0.728021 0.115116 0.160411
