4 0.283721 0.200000 0.144186 0.186118
4 0.284849 0.567462 0.144186 0.186118
4 0.299225 0.907198 0.144186 0.183033
4 0.648450 0.667609 0.144186 0.186118
2 0.404848 0.114304 0.113337 0.156078
0 0.654201 0.295226 0.120626 0.159860
3 0.167359 0.281858 0.126315 0.165259
3 0.171477 0.466351 0.126315 0.165259
3 0.169539 0.646254 0.126315 0.165259
3 0.175388 0.836485 0.126315 0.165259
3 0.163933 0.101726 0.126315 0.165259
3 0.768480 0.573127 0.126315 0.165259
3 0.895453 0.839102 0.126315 0.165259
2 0.415023 0.295354 0.113337 0.156078
2 0.648412 0.116048 0.113337 0.156078
2 0.765002 0.200698 0.113337 0.156078
2 0.886784 0.287642 0.113337 0.156078
2 0.768913 0.389506 0.113337 0.156078
2 0.889829 0.469565 0.113337 0.156078
2 0.651699 0.472732 0.113337 0.156078
2 0.538154 0.570006 0.113337 0.156078
2 0.419418 0.476772 0.113337 0.156078
2 0.420075 0.657822 0.113337 0.156078
2 0.538396 0.752800 0.113337 0.156078
2 0.654122 0.835154 0.113337 0.156078
2 0.771577 0.751102 0.113337 0.156078
2 0.417515 0.839194 0.113337 0.156078
2 0.293587 0.748256 0.113337 0.156078
2 0.773550 0.922420 0.113337 0.152589
2 0.892736 0.657639 0.113337 0.156078
2 0.540404 0.916728 0.113337 0.156078
2 0.056305 0.192297 0.112611 0.156078
2 0.055994 0.369308 0.111988 0.156078
2 0.061583 0.728792 0.113337 0.156078
2 0.060510 0.917876 0.113337 0.156078
3 0.056859 0.550702 0.113718 0.171548
3 0.293259 0.381151 0.126315 0.165259
2 0.292272 0.035921 0.113545 0.071842
2 0.533863 0.035898 0.113545 0.071796
2 0.759015 0.035875 0.113545 0.071750
3 0.053398 0.047397 0.106797 0.094794
2 0.532963 0.386385 0.113337 0.156078
3 0.529485 0.199871 0.126315 0.165259
2 0.883773 0.114947 0.113337 0.156078
3 0.974685 0.926620 0.048692 0.144188
3 0.974460 0.744721 0.049142 0.148182
3 0.974356 0.566563 0.049349 0.148182
3 0.974806 0.386109 0.048450 0.148182
3 0.974772 0.209098 0.048519 0.148182
3 0.975048 0.048843 0.047965 0.097686
3 0.892425 0.968876 0.121228 0.059677
2 0.661752 0.974821 0.109773 0.047787
3 0.176512 0.968830 0.121228 0.059769
2 0.428814 0.977690 0.111088 0.042049
