0 0.096512 0.216452 0.163566 0.198458
0 0.106977 0.400000 0.163566 0.198458
0 0.239922 0.497172 0.163566 0.198458
0 0.250388 0.668380 0.163566 0.198458
0 0.090310 0.764010 0.144961 0.183033
0 0.087984 0.927635 0.149612 0.142159
0 0.232558 0.126992 0.163566 0.198458
0 0.378682 0.229306 0.163566 0.198458
5 0.638760 0.417995 0.163566 0.198458
1 0.631589 0.935861 0.133721 0.125707
3 0.504651 0.504370 0.163566 0.198458
3 0.501163 0.136761 0.163566 0.198458
3 0.494574 0.312082 0.163566 0.198458
5 0.631395 0.227249 0.163566 0.198458
5 0.759690 0.128021 0.163566 0.198458
5 0.748450 0.691003 0.163566 0.198458
5 0.634109 0.756298 0.163566 0.198458
5 0.508915 0.680720 0.163566 0.198458
5 0.503876 0.858098 0.163566 0.198458
5 0.767054 0.859640 0.163566 0.198458
5 0.362016 0.901414 0.163566 0.194602
5 0.636822 0.594344 0.163566 0.198458
5 0.374031 0.596401 0.163566 0.198458
5 0.372868 0.399486 0.163566 0.198458
3 0.239147 0.304370 0.163566 0.198458
2 0.880814 0.769666 0.123643 0.173779
3 0.753101 0.510026 0.163566 0.198458
3 0.758915 0.329563 0.163566 0.198458
3 0.237597 0.849357 0.163566 0.198458
3 0.372093 0.765553 0.163566 0.198458
0 0.098450 0.058098 0.159690 0.116195
0 0.370930 0.058098 0.159690 0.116195
0 0.876744 0.065810 0.139535 0.131620
5 0.626744 0.056555 0.140310 0.113111
2 0.880426 0.593316 0.123643 0.173779
2 0.876163 0.411825 0.123643 0.173779
2 0.881977 0.236504 0.123643 0.173779
2 0.100969 0.573265 0.123643 0.173779
2 0.885078 0.937918 0.122093 0.121594
1 0.971609 0.686889 0.054845 0.164524
0 0.971027 0.862468 0.056008 0.180463
3 0.965795 0.498715 0.066473 0.166581
3 0.965407 0.319280 0.067248 0.166581
3 0.965891 0.144987 0.066279 0.166581
