1 0.840504 0.591003 0.139922 0.194859
3 0.127713 0.388946 0.139922 0.194859
1 0.597481 0.601171 0.139922 0.194859
0 0.942829 0.133162 0.112403 0.155270
1 0.369574 0.765296 0.121318 0.153728
1 0.596705 0.752956 0.139922 0.194859
1 0.930233 0.870694 0.137597 0.194859
3 0.145672 0.224422 0.139922 0.194859
3 0.369961 0.230706 0.139922 0.194859
3 0.137360 0.588260 0.139922 0.194859
3 0.130297 0.766153 0.139922 0.194859
1 0.831589 0.219909 0.139922 0.194859
1 0.036919 0.489374 0.073837 0.162639
2 0.038760 0.671922 0.077519 0.163610
2 0.035271 0.304284 0.070543 0.156470
3 0.039922 0.858126 0.079845 0.161382
1 0.829350 0.096887 0.139922 0.193773
0 0.364729 0.056041 0.117054 0.112082
3 0.039922 0.123422 0.079845 0.161382
2 0.942829 0.313625 0.112403 0.155270
2 0.942926 0.497172 0.112209 0.155270
2 0.250678 0.859797 0.120349 0.158041
2 0.367345 0.920851 0.120349 0.155727
2 0.485562 0.848486 0.120349 0.158041
2 0.485950 0.495273 0.120349 0.158041
2 0.484012 0.310697 0.120349 0.158041
2 0.480523 0.133319 0.120349 0.158041
2 0.600291 0.078406 0.120349 0.156812
2 0.598353 0.233576 0.120349 0.158041
2 0.597190 0.416095 0.120349 0.158041
2 0.943120 0.678663 0.111822 0.155270
2 0.837403 0.406684 0.115116 0.155270
2 0.828488 0.768123 0.115116 0.155270
2 0.832752 0.923265 0.115116 0.150900
2 0.718411 0.849871 0.115116 0.155270
2 0.721899 0.684833 0.115116 0.155270
2 0.716085 0.502314 0.115116 0.155270
2 0.713372 0.139846 0.115116 0.155270
0 0.718217 0.314653 0.115116 0.155270
2 0.369671 0.409017 0.120349 0.158041
2 0.136337 0.920980 0.120349 0.155470
2 0.242926 0.681134 0.120349 0.158041
2 0.601453 0.920980 0.120349 0.155470
2 0.247578 0.133833 0.120349 0.158041
2 0.133818 0.059640 0.113760 0.119280
1 0.034399 0.978149 0.068798 0.041131
2 0.373789 0.586624 0.120349 0.158041
2 0.248996 0.492243 0.120349 0.158041
