2 0.489729 0.333162 0.117054 0.172751
1 0.612597 0.228792 0.117054 0.172751
1 0.606008 0.413368 0.117054 0.172751
1 0.608721 0.594859 0.117054 0.172751
1 0.487403 0.502828 0.117054 0.172751
1 0.486240 0.679177 0.117054 0.172751
1 0.376550 0.598458 0.117054 0.172751
1 0.374612 0.771722 0.117054 0.172751
1 0.371899 0.421594 0.117054 0.172751
1 0.370736 0.243188 0.117054 0.172751
1 0.251744 0.320823 0.117054 0.172751
1 0.252132 0.145501 0.117054 0.172751
1 0.253295 0.507969 0.117054 0.172751
1 0.250581 0.688432 0.117054 0.172751
1 0.249419 0.870951 0.117054 0.172751
1 0.137016 0.237532 0.117054 0.172751
1 0.133527 0.424165 0.117054 0.172751
1 0.130039 0.599486 0.117054 0.172751
1 0.128876 0.770694 0.117054 0.172751
1 0.481977 0.856555 0.117054 0.172751
1 0.715698 0.684319 0.117054 0.172751
1 0.723062 0.868895 0.117054 0.172751
1 0.722674 0.510540 0.117054 0.172751
1 0.721512 0.323907 0.117054 0.172751
1 0.726550 0.146530 0.117054 0.172751
1 0.848643 0.246787 0.117054 0.172751
1 0.850581 0.424165 0.117054 0.172751
1 0.840891 0.603599 0.117054 0.172751
1 0.838178 0.783033 0.117054 0.172751
0 0.607558 0.781491 0.117054 0.172751
1 0.493605 0.150129 0.117054 0.172751
1 0.369961 0.085861 0.117054 0.171722
1 0.610659 0.085219 0.117054 0.170437
1 0.845930 0.085347 0.117054 0.170694
1 0.942054 0.132134 0.113953 0.172751
1 0.942054 0.514139 0.113953 0.172751
1 0.942248 0.869409 0.113566 0.172751
1 0.036047 0.680206 0.072093 0.161440
1 0.035950 0.843188 0.071899 0.161440
1 0.035853 0.507455 0.071705 0.161440
1 0.035950 0.316710 0.071899 0.161440
1 0.035659 0.149614 0.071318 0.161440
1 0.133818 0.068638 0.113760 0.137275
1 0.361337 0.931877 0.113760 0.133676
1 0.611337 0.932005 0.113760 0.133419
1 0.837306 0.932005 0.113760 0.133419
3 0.125291 0.931877 0.113760 0.133676
4 0.943992 0.332905 0.110078 0.174807
4 0.945252 0.689203 0.107558 0.174807
