1 0.939826 0.176864 0.118411 0.156298
1 0.940213 0.346015 0.117636 0.156298
1 0.939826 0.529563 0.118411 0.156298
1 0.934496 0.703856 0.120930 0.156298
1 0.940213 0.880206 0.117636 0.156298
1 0.834884 0.089460 0.120930 0.156298
1 0.816667 0.792288 0.120930 0.156298
1 0.817442 0.939974 0.121705 0.117481
1 0.822093 0.441645 0.120930 0.156298
1 0.710853 0.341388 0.120930 0.156298
1 0.707364 0.518766 0.120930 0.156298
1 0.703876 0.883290 0.120930 0.156298
1 0.586434 0.620566 0.120930 0.156298
1 0.589922 0.437018 0.120930 0.156298
1 0.595736 0.258612 0.120930 0.156298
1 0.594574 0.078021 0.120930 0.156041
1 0.594574 0.941003 0.121705 0.115424
1 0.473643 0.165553 0.120930 0.156298
1 0.479457 0.340874 0.120930 0.156298
1 0.472868 0.516195 0.120930 0.156298
1 0.467054 0.698715 0.120930 0.156298
1 0.471318 0.881234 0.120930 0.156298
1 0.348450 0.940746 0.121705 0.115938
1 0.360078 0.435476 0.120930 0.156298
1 0.359690 0.078021 0.120930 0.156041
1 0.360853 0.251157 0.120930 0.156298
1 0.233333 0.521080 0.120930 0.156298
1 0.231395 0.698458 0.120930 0.156298
1 0.231008 0.879949 0.120930 0.156298
1 0.115116 0.789974 0.120930 0.156298
1 0.118605 0.610540 0.120930 0.156298
1 0.117442 0.437275 0.120930 0.156298
1 0.474031 0.042674 0.120155 0.085347
3 0.588372 0.786375 0.120930 0.156298
3 0.350000 0.788946 0.120930 0.156298
3 0.235659 0.339075 0.120930 0.156298
3 0.116667 0.243959 0.120930 0.156298
1 0.111628 0.940103 0.121705 0.117224
0 0.126744 0.077249 0.120930 0.154499
4 0.828295 0.258355 0.120930 0.156298
4 0.712403 0.167352 0.120930 0.156298
2 0.820930 0.615681 0.120930 0.156298
2 0.708915 0.697429 0.120930 0.156298
2 0.355426 0.615167 0.120930 0.156298
2 0.242636 0.161183 0.120930 0.156298
1 0.031783 0.334576 0.063566 0.153470
1 0.031395 0.519152 0.062791 0.153470
1 0.031880 0.699614 0.063760 0.153470
1 0.032171 0.884190 0.064341 0.153470
2 0.031977 0.162339 0.063953 0.153470
2 0.240116 0.038046 0.119767 0.076093
1 0.713178 0.042674 0.120155 0.085347
4 0.939826 0.046915 0.118411 0.093830
