1 0.489922 0.276093 0.130233 0.179949
1 0.608915 0.366067 0.130233 0.179949
1 0.715504 0.444730 0.130233 0.179949
1 0.723643 0.640617 0.130233 0.179949
1 0.595349 0.719280 0.130233 0.179949
1 0.478682 0.632391 0.130233 0.179949
1 0.494574 0.465296 0.130233 0.179949
1 0.367054 0.354756 0.130233 0.179949
1 0.361240 0.534190 0.130233 0.179949
1 0.367054 0.712596 0.130233 0.179949
1 0.485271 0.819023 0.130233 0.179949
1 0.608915 0.899743 0.130233 0.179949
1 0.717054 0.815938 0.130233 0.179949
1 0.834496 0.723907 0.130233 0.179949
1 0.829457 0.910540 0.130233 0.176350
1 0.840698 0.545758 0.130233 0.179949
1 0.840891 0.193059 0.130233 0.179949
1 0.721899 0.278920 0.130233 0.179949
1 0.609109 0.189974 0.130233 0.179949
1 0.732752 0.093830 0.130233 0.179949
1 0.246318 0.454242 0.130233 0.179949
1 0.252907 0.630591 0.130233 0.179949
1 0.128488 0.531362 0.130233 0.179949
1 0.135680 0.376321 0.130233 0.179949
1 0.126163 0.725707 0.130233 0.179949
1 0.138178 0.897943 0.130233 0.179949
1 0.365698 0.910925 0.130233 0.175578
1 0.259109 0.811825 0.130233 0.179949
1 0.252519 0.096658 0.130233 0.179949
1 0.372287 0.180463 0.130233 0.179949
1 0.495155 0.114139 0.130233 0.179949
0 0.603198 0.540360 0.122287 0.163496
4 0.836628 0.366581 0.130233 0.179949
0 0.949903 0.284062 0.098256 0.173265
1 0.039922 0.451285 0.079845 0.170951
1 0.040310 0.641260 0.080620 0.181748
4 0.033333 0.264524 0.066667 0.172237
0 0.037597 0.083805 0.075194 0.167609
0 0.602810 0.045758 0.129264 0.091517
1 0.250872 0.958483 0.123450 0.080463
1 0.950678 0.098715 0.096705 0.160411
4 0.041860 0.807198 0.083721 0.178920
1 0.370833 0.041645 0.120349 0.083290
1 0.843314 0.041902 0.120349 0.083805
1 0.034884 0.956941 0.069767 0.083548
1 0.483043 0.958612 0.123450 0.080206
1 0.720640 0.958226 0.123450 0.080977
1 0.949516 0.959512 0.099031 0.078406
1 0.950872 0.449871 0.096318 0.160411
1 0.949128 0.634961 0.099806 0.167609
1 0.948740 0.816710 0.100581 0.169152
1 0.138663 0.041388 0.120349 0.082776
0 0.257849 0.278663 0.122287 0.163496
0 0.137306 0.183548 0.122287 0.163496
