4 0.155039 0.269923 0.124031 0.188175
3 0.148450 0.093059 0.124031 0.186118
0 0.150000 0.634447 0.124031 0.188175
5 0.268605 0.906170 0.124031 0.185090
5 0.388372 0.272751 0.124031 0.188175
2 0.863178 0.638560 0.124031 0.188175
1 0.275581 0.351671 0.124031 0.188175
1 0.277519 0.533162 0.124031 0.188175
1 0.271705 0.711568 0.124031 0.188175
1 0.398450 0.452956 0.124031 0.188175
1 0.401163 0.647815 0.124031 0.188175
1 0.393798 0.812853 0.124031 0.188175
1 0.513566 0.906555 0.124031 0.184319
1 0.522481 0.724936 0.124031 0.188175
1 0.510465 0.545501 0.124031 0.188175
1 0.513178 0.180977 0.124031 0.188175
1 0.626744 0.093830 0.124031 0.187661
1 0.631008 0.270951 0.124031 0.188175
1 0.628295 0.445244 0.124031 0.188175
1 0.632558 0.630848 0.124031 0.188175
1 0.630620 0.798972 0.124031 0.188175
1 0.744961 0.699743 0.124031 0.188175
1 0.746899 0.547044 0.124031 0.188175
1 0.742636 0.190746 0.124031 0.188175
1 0.853876 0.093830 0.124031 0.187661
1 0.854264 0.271979 0.124031 0.188175
1 0.856202 0.453470 0.124031 0.188175
1 0.860465 0.802571 0.124031 0.188175
1 0.740698 0.899743 0.124031 0.188175
0 0.512403 0.360411 0.124031 0.188175
0 0.739147 0.359897 0.124031 0.188175
1 0.158527 0.812339 0.124031 0.188175
2 0.269767 0.195887 0.124031 0.188175
5 0.385659 0.093445 0.124031 0.186889
1 0.740407 0.050000 0.117636 0.100000
1 0.956395 0.192031 0.085271 0.168638
1 0.957558 0.363239 0.082946 0.168638
2 0.511434 0.030591 0.113566 0.061183
1 0.264244 0.041645 0.104070 0.083290
2 0.148450 0.449357 0.124031 0.188175
1 0.046512 0.178149 0.093023 0.166067
1 0.046512 0.355527 0.093023 0.166067
1 0.046318 0.530848 0.092636 0.166067
1 0.046124 0.726735 0.092248 0.166067
1 0.046415 0.884576 0.092829 0.166067
1 0.148837 0.955398 0.117829 0.086632
1 0.396512 0.955527 0.117829 0.086375
1 0.632558 0.955013 0.117829 0.087404
1 0.870155 0.956041 0.117829 0.085347
1 0.957364 0.557069 0.083333 0.168638
1 0.957849 0.736504 0.082364 0.168638
1 0.958140 0.904627 0.081783 0.168638
