2 0.299225 0.223136 0.134884 0.187147
1 0.895736 0.856041 0.134884 0.187147
1 0.771318 0.907584 0.134884 0.182262
1 0.902713 0.692545 0.134884 0.187147
2 0.434496 0.325450 0.134884 0.187147
2 0.900000 0.141902 0.134884 0.187147
2 0.066764 0.763496 0.133527 0.187147
2 0.191279 0.672494 0.134884 0.187147
2 0.309496 0.607198 0.134884 0.187147
2 0.436240 0.513111 0.134884 0.187147
2 0.418798 0.699743 0.134884 0.187147
2 0.429264 0.849357 0.134884 0.187147
2 0.537403 0.779949 0.134884 0.187147
2 0.312984 0.771208 0.134884 0.187147
2 0.191667 0.861183 0.134884 0.187147
2 0.193992 0.488946 0.134884 0.187147
2 0.307558 0.410283 0.134884 0.187147
2 0.775775 0.604627 0.134884 0.187147
2 0.776938 0.411825 0.134884 0.187147
2 0.900581 0.516195 0.134884 0.187147
2 0.532752 0.229820 0.134884 0.187147
2 0.654457 0.695630 0.134884 0.187147
2 0.775775 0.770180 0.134884 0.187147
3 0.179264 0.310026 0.134884 0.187147
3 0.657171 0.517224 0.134884 0.187147
2 0.657946 0.325964 0.134884 0.187147
2 0.665310 0.130077 0.134884 0.187147
2 0.907558 0.322879 0.134884 0.187147
3 0.427713 0.144987 0.134884 0.187147
2 0.546705 0.411825 0.134884 0.187147
2 0.542442 0.592288 0.134884 0.187147
3 0.774225 0.234447 0.134884 0.187147
3 0.658236 0.870694 0.122674 0.172237
3 0.067054 0.201542 0.134109 0.187147
3 0.067054 0.407712 0.134109 0.187147
3 0.067345 0.565553 0.134690 0.187147
3 0.177907 0.132134 0.134884 0.187147
2 0.772771 0.071979 0.135078 0.143959
2 0.540601 0.072622 0.135078 0.145244
2 0.296802 0.072622 0.135078 0.145244
2 0.056977 0.051928 0.113953 0.103856
2 0.310271 0.937789 0.129070 0.121851
2 0.544767 0.937661 0.129070 0.122108
2 0.063857 0.937147 0.127713 0.123136
