1 0.356202 0.175835 0.126357 0.172751
1 0.468217 0.250386 0.126357 0.172751
1 0.595736 0.358869 0.126357 0.172751
1 0.718605 0.254499 0.126357 0.172751
1 0.826744 0.364010 0.126357 0.172751
1 0.937016 0.448843 0.124031 0.172751
1 0.708333 0.085990 0.126357 0.171979
1 0.243605 0.264010 0.126357 0.172751
1 0.126938 0.717995 0.126357 0.172751
1 0.369961 0.900514 0.126357 0.172751
1 0.709109 0.638817 0.126357 0.172751
2 0.470736 0.625964 0.126357 0.172751
2 0.361047 0.539075 0.126357 0.172751
2 0.357558 0.358612 0.126357 0.172751
2 0.472674 0.449614 0.126357 0.172751
2 0.235465 0.452699 0.126357 0.172751
2 0.240504 0.618766 0.126357 0.172751
2 0.361047 0.720051 0.126357 0.172751
2 0.245930 0.819280 0.126357 0.172751
2 0.128488 0.532905 0.126357 0.172751
2 0.115698 0.349357 0.126357 0.172751
2 0.114535 0.169923 0.126357 0.172751
2 0.233915 0.089717 0.126357 0.172751
3 0.592054 0.177121 0.126357 0.172751
5 0.586628 0.538046 0.126357 0.172751
0 0.594897 0.718623 0.126357 0.172751
3 0.821899 0.166324 0.126357 0.172751
2 0.484302 0.810540 0.126357 0.172751
2 0.595543 0.913111 0.126357 0.171208
2 0.721512 0.817738 0.126357 0.172751
2 0.831202 0.717481 0.126357 0.172751
2 0.827713 0.546272 0.126357 0.172751
2 0.836628 0.901542 0.126357 0.172751
2 0.715310 0.446530 0.126357 0.172751
2 0.937403 0.265039 0.123256 0.172751
2 0.478101 0.085347 0.126357 0.170694
1 0.127132 0.897172 0.126357 0.172751
2 0.937242 0.086161 0.123579 0.172322
2 0.937188 0.629791 0.123686 0.172751
3 0.937403 0.800086 0.123256 0.172751
1 0.062780 0.085690 0.125560 0.171380
1 0.351723 0.045201 0.134841 0.090403
2 0.062511 0.427506 0.125022 0.172751
2 0.062726 0.251557 0.125452 0.172751
2 0.062780 0.624022 0.125560 0.172751
2 0.062780 0.825107 0.125560 0.172751
0 0.815827 0.085661 0.126357 0.171322
