1 0.257752 0.209769 0.127907 0.164524
1 0.375194 0.123907 0.127907 0.164524
1 0.497287 0.213882 0.127907 0.164524
1 0.493798 0.389203 0.127907 0.164524
1 0.611240 0.302314 0.127907 0.164524
1 0.733333 0.389203 0.127907 0.164524
1 0.846124 0.468895 0.127907 0.164524
1 0.853488 0.655527 0.127907 0.164524
1 0.853101 0.849357 0.127907 0.164524
1 0.735659 0.760411 0.127907 0.164524
1 0.490310 0.761954 0.127907 0.164524
1 0.495349 0.562982 0.127907 0.164524
1 0.374031 0.488432 0.127907 0.164524
1 0.251938 0.571208 0.127907 0.164524
1 0.253876 0.751671 0.127907 0.164524
1 0.253488 0.918638 0.127907 0.160154
1 0.144574 0.666324 0.127907 0.164524
1 0.137209 0.481748 0.127907 0.164524
1 0.142248 0.300257 0.127907 0.164524
1 0.954264 0.209512 0.089535 0.167095
3 0.373062 0.668380 0.127907 0.164524
2 0.730814 0.209254 0.127907 0.164524
2 0.847481 0.114139 0.127907 0.164524
2 0.254845 0.391260 0.127907 0.164524
0 0.385078 0.833419 0.127907 0.164524
0 0.371512 0.300257 0.127907 0.164524
0 0.732364 0.918252 0.127907 0.160925
3 0.607558 0.844730 0.127907 0.164524
3 0.609496 0.118252 0.127907 0.164524
1 0.138760 0.848843 0.127907 0.164524
2 0.610271 0.478149 0.127907 0.164524
2 0.612984 0.663753 0.127907 0.164524
2 0.138953 0.116195 0.127907 0.164524
1 0.731008 0.569152 0.127907 0.164524
3 0.850969 0.299743 0.127907 0.164524
2 0.957655 0.394602 0.082752 0.161954
1 0.951066 0.060668 0.095930 0.121337
1 0.732171 0.062982 0.115504 0.125964
1 0.043120 0.925064 0.086240 0.147301
2 0.255911 0.061311 0.122287 0.122622
1 0.497674 0.918123 0.127907 0.161183
1 0.957267 0.573008 0.083527 0.160925
1 0.956105 0.750643 0.085853 0.160411
1 0.957655 0.923522 0.082752 0.150386
1 0.496124 0.062982 0.115504 0.125964
1 0.042829 0.751799 0.085659 0.147301
1 0.043217 0.571337 0.086434 0.147301
1 0.043314 0.396015 0.086628 0.147301
2 0.042151 0.217224 0.084302 0.161954
2 0.041085 0.064267 0.082171 0.128535
1 0.373934 0.970823 0.107558 0.055784
