0 0.427132 0.425193 0.124031 0.188175
0 0.665504 0.263239 0.124031 0.188175
0 0.668992 0.605141 0.124031 0.188175
0 0.897287 0.425707 0.124031 0.188175
1 0.898450 0.265810 0.124031 0.188175
1 0.901163 0.093445 0.124031 0.186889
1 0.777907 0.153213 0.124031 0.188175
1 0.784496 0.329563 0.124031 0.188175
1 0.898837 0.599486 0.124031 0.188175
1 0.902326 0.784062 0.124031 0.188175
1 0.785659 0.507969 0.124031 0.188175
1 0.792248 0.691517 0.124031 0.188175
1 0.785659 0.864781 0.124031 0.188175
1 0.663566 0.787147 0.124031 0.188175
1 0.656977 0.429820 0.124031 0.188175
1 0.662791 0.093445 0.124031 0.186889
1 0.547674 0.157069 0.124031 0.188175
1 0.544961 0.339589 0.124031 0.188175
1 0.544574 0.522108 0.124031 0.188175
1 0.545736 0.685090 0.124031 0.188175
1 0.549225 0.865553 0.124031 0.188175
1 0.439535 0.779692 0.124031 0.188175
1 0.429845 0.603342 0.124031 0.188175
1 0.427132 0.251157 0.124031 0.188175
1 0.429845 0.093702 0.124031 0.187404
1 0.310078 0.151414 0.124031 0.188175
1 0.315891 0.340103 0.124031 0.188175
1 0.316279 0.520566 0.124031 0.188175
1 0.314341 0.690746 0.124031 0.188175
1 0.317829 0.858869 0.124031 0.188175
1 0.197287 0.781234 0.124031 0.188175
1 0.201550 0.602828 0.124031 0.188175
1 0.198062 0.430591 0.124031 0.188175
1 0.195349 0.242931 0.124031 0.188175
1 0.194186 0.093316 0.124031 0.186632
1 0.079845 0.154756 0.124031 0.188175
1 0.081783 0.332134 0.124031 0.188175
1 0.080620 0.521851 0.124031 0.188175
1 0.087984 0.681748 0.124031 0.188175
1 0.083721 0.875578 0.124031 0.188175
1 0.903488 0.937404 0.117054 0.122622
1 0.664535 0.938432 0.130620 0.120566
1 0.543992 0.027763 0.121318 0.055527
1 0.777713 0.027892 0.121318 0.055784
1 0.319186 0.027506 0.121318 0.055013
1 0.975097 0.339075 0.047868 0.174293
1 0.975097 0.510283 0.047868 0.174293
1 0.975678 0.700000 0.046705 0.174293
1 0.978198 0.032134 0.041667 0.064267
1 0.204457 0.938175 0.130620 0.121080
1 0.551744 0.984190 0.122093 0.029049
1 0.778876 0.985347 0.108915 0.026735
1 0.317248 0.985090 0.108915 0.027249
