0 0.178295 0.573779 0.139535 0.197429
3 0.298062 0.692545 0.139535 0.197429
0 0.308915 0.526992 0.139535 0.197429
0 0.069671 0.718766 0.139341 0.197429
0 0.190116 0.798458 0.139535 0.197429
0 0.069186 0.901414 0.138372 0.194602
3 0.427132 0.793830 0.139535 0.197429
3 0.450000 0.610283 0.139535 0.197429
3 0.234884 0.373265 0.139535 0.197429
3 0.097287 0.362468 0.139535 0.197429
3 0.548062 0.698201 0.139535 0.197429
3 0.659302 0.611311 0.139535 0.197429
3 0.663566 0.807198 0.139535 0.197429
3 0.768605 0.497172 0.139535 0.197429
3 0.774419 0.707455 0.139535 0.197429
3 0.788760 0.902185 0.139535 0.193059
3 0.896124 0.817481 0.139535 0.197429
3 0.890310 0.583548 0.139535 0.197429
3 0.885271 0.359897 0.139535 0.197429
0 0.069380 0.529049 0.138760 0.197429
