1 0.616667 0.427249 0.126357 0.184062
1 0.734884 0.349614 0.126357 0.184062
1 0.730620 0.515681 0.126357 0.184062
1 0.846512 0.606684 0.126357 0.184062
1 0.734496 0.698715 0.126357 0.184062
1 0.849612 0.792802 0.126357 0.184062
1 0.618217 0.616452 0.126357 0.184062
1 0.494574 0.527506 0.126357 0.184062
1 0.495736 0.707969 0.126357 0.184062
1 0.493023 0.882262 0.126357 0.184062
1 0.495736 0.342931 0.126357 0.184062
1 0.493798 0.167609 0.126357 0.184062
1 0.379457 0.251414 0.126357 0.184062
1 0.375969 0.428792 0.126357 0.184062
1 0.374806 0.614396 0.126357 0.184062
1 0.379845 0.795887 0.126357 0.184062
1 0.263953 0.712082 0.126357 0.184062
1 0.258140 0.883290 0.126357 0.184062
1 0.147674 0.796401 0.126357 0.184062
1 0.137209 0.435990 0.126357 0.184062
1 0.260078 0.351157 0.126357 0.184062
1 0.144961 0.261183 0.126357 0.184062
1 0.269380 0.168123 0.126357 0.184062
1 0.145736 0.091774 0.126357 0.183548
1 0.143798 0.607198 0.126357 0.184062
1 0.255039 0.526478 0.126357 0.184062
1 0.614341 0.095373 0.126357 0.184062
2 0.605426 0.246015 0.126357 0.184062
2 0.732171 0.165296 0.126357 0.184062
2 0.850388 0.247044 0.126357 0.184062
2 0.612016 0.790488 0.126357 0.184062
0 0.732558 0.878406 0.126357 0.184062
1 0.845349 0.426221 0.126357 0.184062
0 0.378682 0.091517 0.126357 0.183033
1 0.953779 0.349357 0.090504 0.176350
1 0.954554 0.524936 0.088953 0.177892
1 0.954554 0.702314 0.088953 0.177892
1 0.953101 0.889974 0.091473 0.177892
1 0.851163 0.072494 0.120930 0.144987
1 0.042636 0.164781 0.085271 0.166067
1 0.045155 0.355784 0.090310 0.177892
1 0.045155 0.526992 0.090310 0.177892
1 0.045446 0.708483 0.090891 0.177892
1 0.045155 0.901285 0.090310 0.177892
1 0.155233 0.953342 0.122868 0.090746
1 0.381977 0.953599 0.122868 0.090231
2 0.614535 0.946144 0.111240 0.105141
0 0.959593 0.172365 0.078876 0.167866
1 0.959302 0.038560 0.079457 0.077121
1 0.494767 0.046658 0.122868 0.093316
1 0.266473 0.046915 0.122868 0.093830
3 0.847674 0.945116 0.118605 0.107198
3 0.737016 0.035990 0.118217 0.071979
1 0.044186 0.038046 0.088372 0.076093
