1 0.815116 0.200000 0.126357 0.171722
1 0.829457 0.558355 0.126357 0.171722
1 0.705814 0.657584 0.126357 0.171722
1 0.468992 0.831877 0.126357 0.171722
1 0.937209 0.645244 0.123643 0.171722
4 0.692442 0.845244 0.126357 0.171722
1 0.937209 0.468895 0.123643 0.171722
1 0.933527 0.282262 0.126357 0.171722
2 0.694380 0.296144 0.126357 0.171722
2 0.814147 0.379949 0.126357 0.171722
2 0.703682 0.474036 0.126357 0.171722
2 0.593217 0.387147 0.126357 0.171722
2 0.461822 0.297172 0.126357 0.171722
2 0.586240 0.562982 0.126357 0.171722
2 0.462984 0.476607 0.126357 0.171722
2 0.340891 0.376350 0.126357 0.171722
2 0.229651 0.292545 0.126357 0.171722
2 0.347093 0.198458 0.126357 0.171722
2 0.463760 0.111568 0.126357 0.171722
2 0.223837 0.458612 0.126357 0.171722
2 0.348256 0.560925 0.126357 0.171722
2 0.471124 0.662211 0.126357 0.171722
2 0.344380 0.734704 0.126357 0.171722
2 0.826163 0.915167 0.126357 0.167095
2 0.589341 0.915167 0.126357 0.167095
2 0.350969 0.915167 0.126357 0.167095
2 0.111822 0.751414 0.126357 0.171722
2 0.029264 0.116067 0.058527 0.170437
2 0.697093 0.104627 0.126357 0.171722
3 0.823450 0.743188 0.126357 0.171722
3 0.233915 0.657326 0.126357 0.171722
3 0.233527 0.831620 0.126357 0.171722
3 0.109109 0.564781 0.126357 0.171722
3 0.102519 0.197172 0.126357 0.171722
3 0.937112 0.824936 0.123837 0.171722
3 0.582171 0.199229 0.126357 0.171722
3 0.225969 0.112339 0.126357 0.171722
2 0.936047 0.096915 0.125969 0.171722
2 0.118411 0.914139 0.126357 0.169152
2 0.104457 0.379177 0.126357 0.171722
3 0.029554 0.475450 0.059109 0.170437
0 0.029264 0.302185 0.058527 0.170437
4 0.029264 0.649743 0.058527 0.170437
3 0.029554 0.835861 0.059109 0.170437
