4 0.756589 0.456041 0.134884 0.186118
4 0.887984 0.193316 0.134884 0.186118
4 0.764341 0.092545 0.134884 0.185090
3 0.129070 0.175835 0.134884 0.186118
3 0.120155 0.354242 0.134884 0.186118
3 0.119767 0.537789 0.134884 0.186118
3 0.257364 0.639075 0.134884 0.186118
3 0.516667 0.279692 0.134884 0.186118
3 0.389922 0.717224 0.134884 0.186118
3 0.382558 0.902828 0.134884 0.186118
3 0.643411 0.907069 0.134884 0.183290
3 0.770930 0.820566 0.134884 0.186118
2 0.511240 0.634447 0.134884 0.186118
2 0.639535 0.733676 0.134884 0.186118
1 0.763178 0.650900 0.134884 0.186118
0 0.254651 0.456555 0.134884 0.186118
2 0.513953 0.814910 0.134884 0.186118
2 0.648450 0.554242 0.134884 0.186118
2 0.642636 0.368638 0.134884 0.186118
2 0.520543 0.092674 0.134884 0.185347
2 0.758140 0.274807 0.134884 0.186118
2 0.881783 0.366838 0.134884 0.186118
3 0.884884 0.551157 0.134884 0.186118
2 0.886822 0.728278 0.134884 0.186118
2 0.884109 0.907455 0.134884 0.182519
3 0.255426 0.636504 0.134884 0.186118
3 0.377519 0.370694 0.134884 0.186118
3 0.254651 0.270437 0.134884 0.186118
3 0.389922 0.544473 0.134884 0.186118
0 0.253488 0.092545 0.134884 0.185090
2 0.644574 0.188175 0.134884 0.186118
1 0.383721 0.177378 0.134884 0.186118
3 0.251163 0.815938 0.134884 0.186118
0 0.116279 0.711054 0.134884 0.186118
0 0.117442 0.889460 0.134884 0.186118
4 0.249806 0.952828 0.136822 0.091774
2 0.644186 0.043188 0.134884 0.086375
2 0.881008 0.043059 0.134884 0.086118
2 0.764729 0.957455 0.123256 0.082519
0 0.976260 0.106555 0.045543 0.157584
3 0.975097 0.960540 0.047868 0.076350
3 0.970833 0.824293 0.056395 0.169923
3 0.970640 0.633548 0.056783 0.169923
3 0.970640 0.463368 0.056783 0.169923
3 0.970833 0.276735 0.056395 0.169923
3 0.126744 0.042674 0.135659 0.085347
3 0.385271 0.042288 0.135659 0.084576
3 0.033721 0.080720 0.067442 0.161440
3 0.033818 0.247815 0.067636 0.163496
3 0.034302 0.439589 0.068605 0.163496
3 0.033721 0.632391 0.067442 0.163496
3 0.033915 0.806684 0.067829 0.163496
4 0.017442 0.952828 0.034884 0.091774
