3 0.161240 0.426735 0.122481 0.197429
3 0.151660 0.257952 0.140310 0.199486
2 0.160078 0.809254 0.140310 0.199486
2 0.281395 0.722365 0.140310 0.199486
2 0.415116 0.806170 0.140310 0.199486
2 0.277519 0.337789 0.140310 0.199486
2 0.398837 0.452442 0.140310 0.199486
2 0.272093 0.167095 0.140310 0.199486
2 0.523643 0.366067 0.140310 0.199486
2 0.643411 0.270951 0.140310 0.199486
2 0.752326 0.191260 0.140310 0.199486
2 0.637984 0.641131 0.140310 0.199486
2 0.774031 0.724936 0.140310 0.199486
2 0.510078 0.544473 0.140310 0.199486
2 0.875581 0.451414 0.140310 0.199486
2 0.876744 0.283290 0.140310 0.199486
2 0.874806 0.098715 0.140310 0.197429
2 0.771318 0.356298 0.140310 0.199486
2 0.766279 0.536761 0.140310 0.199486
4 0.403488 0.599486 0.140310 0.199486
4 0.292248 0.900771 0.140310 0.195887
2 0.652326 0.818509 0.140310 0.199486
2 0.524031 0.720308 0.140310 0.199486
2 0.522093 0.717738 0.140310 0.199486
2 0.396899 0.449871 0.140310 0.199486
2 0.396124 0.256555 0.140310 0.199486
0 0.280620 0.525964 0.140310 0.199486
3 0.514341 0.172751 0.140310 0.199486
3 0.879070 0.808740 0.140310 0.199486
3 0.877132 0.623136 0.140310 0.199486
2 0.635773 0.111114 0.140310 0.199486
2 0.393297 0.099418 0.140310 0.198836
2 0.146752 0.099519 0.140310 0.199038
2 0.049509 0.343125 0.099019 0.189714
2 0.880426 0.961568 0.139147 0.074293
3 0.762403 0.913882 0.127907 0.169666
0 0.652519 0.954884 0.126744 0.087661
3 0.527132 0.901028 0.127907 0.173779
3 0.413178 0.957455 0.137984 0.082519
3 0.168605 0.957198 0.137984 0.083033
2 0.053876 0.899198 0.107752 0.161501
3 0.048062 0.702057 0.096124 0.183548
2 0.049413 0.535927 0.098825 0.189714
2 0.049025 0.162662 0.098050 0.189714
3 0.752132 0.039589 0.123643 0.079177
3 0.268798 0.039460 0.123643 0.078920
3 0.967733 0.543702 0.062597 0.170180
3 0.967248 0.358098 0.063566 0.170180
3 0.967636 0.180720 0.062791 0.170180
3 0.967151 0.713882 0.063760 0.170180
3 0.967345 0.914396 0.063372 0.168638
