5 0.374806 0.242159 0.141860 0.200514
5 0.509302 0.142931 0.141860 0.200514
5 0.512791 0.346015 0.141860 0.200514
5 0.505426 0.525450 0.141860 0.200514
5 0.505039 0.703856 0.141860 0.200514
0 0.232558 0.503856 0.141860 0.200514
5 0.758527 0.544473 0.141860 0.200514
1 0.642248 0.437532 0.141860 0.200514
2 0.512016 0.887918 0.141860 0.200514
3 0.239147 0.676093 0.141860 0.200514
0 0.077132 0.427249 0.141860 0.200514
5 0.640310 0.627249 0.141860 0.200514
1 0.635659 0.255013 0.141860 0.200514
1 0.767829 0.360411 0.141860 0.200514
1 0.880620 0.444216 0.141860 0.200514
1 0.381783 0.413882 0.141860 0.200514
3 0.388372 0.779434 0.141860 0.200514
3 0.245349 0.150643 0.141860 0.200514
0 0.239922 0.319280 0.141860 0.200514
0 0.372868 0.585090 0.141860 0.200514
0 0.089535 0.768638 0.141860 0.200514
0 0.242636 0.858612 0.141860 0.200514
0 0.083333 0.589717 0.141860 0.200514
0 0.093798 0.246787 0.141860 0.200514
0 0.090310 0.099614 0.141860 0.199229
2 0.765116 0.719794 0.141860 0.200514
2 0.760853 0.900257 0.141860 0.196915
2 0.891473 0.642416 0.141860 0.200514
2 0.882558 0.811568 0.141860 0.200514
2 0.883721 0.265039 0.141860 0.200514
2 0.888760 0.099357 0.141860 0.198715
5 0.765116 0.178920 0.141860 0.200514
5 0.646124 0.099743 0.141860 0.199486
3 0.375969 0.099486 0.141860 0.198972
3 0.636822 0.796401 0.141860 0.200514
3 0.972771 0.895887 0.052519 0.173265
3 0.972965 0.712339 0.052132 0.173265
3 0.973159 0.537018 0.051744 0.173265
3 0.973159 0.348329 0.051744 0.173265
0 0.977422 0.176864 0.043217 0.178920
5 0.760465 0.031362 0.134884 0.062725
5 0.506589 0.031491 0.134884 0.062982
5 0.627422 0.937918 0.130814 0.121594
1 0.387791 0.942545 0.125969 0.112339
3 0.084884 0.938432 0.141860 0.120566
