2 0.908527 0.670951 0.124031 0.173779
0 0.912791 0.311568 0.124031 0.173779
1 0.798062 0.562468 0.124031 0.173779
0 0.911628 0.488946 0.124031 0.173779
2 0.912016 0.132648 0.124031 0.173779
1 0.783721 0.395373 0.124031 0.173779
1 0.784884 0.215938 0.124031 0.173779
1 0.683721 0.122879 0.124031 0.173779
1 0.670930 0.297172 0.124031 0.173779
1 0.679070 0.477635 0.124031 0.173779
1 0.674806 0.659126 0.124031 0.173779
1 0.677519 0.835476 0.124031 0.173779
1 0.795736 0.752699 0.124031 0.173779
3 0.791860 0.913496 0.124031 0.170437
0 0.563953 0.756812 0.124031 0.173779
1 0.557752 0.913753 0.124031 0.169923
1 0.554264 0.575835 0.124031 0.173779
1 0.555426 0.388175 0.124031 0.173779
1 0.558915 0.202571 0.124031 0.173779
1 0.444574 0.124936 0.124031 0.173779
1 0.444961 0.297172 0.124031 0.173779
1 0.443798 0.473522 0.124031 0.173779
1 0.444186 0.649871 0.124031 0.173779
1 0.440698 0.831362 0.124031 0.173779
1 0.318605 0.914010 0.124031 0.169409
1 0.321318 0.753213 0.124031 0.173779
1 0.325581 0.567609 0.124031 0.173779
1 0.326744 0.389203 0.124031 0.173779
1 0.324031 0.215938 0.124031 0.173779
1 0.212016 0.125964 0.124031 0.173779
1 0.213953 0.299229 0.124031 0.173779
1 0.206589 0.471465 0.124031 0.173779
1 0.205426 0.652956 0.124031 0.173779
1 0.205039 0.837532 0.124031 0.173779
1 0.082171 0.913625 0.124031 0.170180
1 0.084109 0.756555 0.124031 0.173779
1 0.093023 0.585347 0.124031 0.173779
1 0.091085 0.384319 0.124031 0.173779
1 0.092248 0.214139 0.124031 0.173779
1 0.917442 0.831620 0.124031 0.173779
1 0.792829 0.063239 0.130620 0.126478
1 0.570736 0.063625 0.130620 0.127249
1 0.321512 0.062982 0.130620 0.125964
1 0.083915 0.063239 0.130620 0.126478
1 0.213178 0.968766 0.125581 0.059897
1 0.677907 0.969152 0.125581 0.059126
1 0.441085 0.969023 0.125581 0.059383
1 0.923256 0.969152 0.125581 0.059126
1 0.982461 0.059254 0.033140 0.118509
1 0.989729 0.208740 0.018605 0.154242
1 0.982074 0.385347 0.033915 0.157841
1 0.982267 0.562725 0.033527 0.157841
1 0.985174 0.745758 0.027713 0.142416
1 0.991764 0.909512 0.014535 0.142931
1 0.910659 0.011311 0.096512 0.022622
1 0.681395 0.012853 0.097674 0.025707
1 0.449806 0.008740 0.092636 0.017481
1 0.014729 0.300000 0.029457 0.156812
1 0.017926 0.471722 0.035853 0.157841
1 0.018217 0.666581 0.036434 0.157841
1 0.018411 0.846015 0.036822 0.157841
1 0.013178 0.121594 0.026357 0.153728
