2 0.337331 0.396038 0.125826 0.170996
2 0.336169 0.212490 0.125826 0.170996
2 0.212525 0.113261 0.125826 0.170996
2 0.091207 0.208377 0.125826 0.170996
2 0.457487 0.663390 0.125826 0.170996
2 0.570277 0.566218 0.125826 0.170996
2 0.565238 0.759020 0.125826 0.170996
2 0.687331 0.842824 0.125826 0.170996
2 0.686944 0.485498 0.125826 0.170996
2 0.706711 0.295781 0.125826 0.170996
2 0.694696 0.113261 0.125826 0.170996
2 0.805936 0.200151 0.125826 0.170996
2 0.923378 0.298351 0.125826 0.170996
2 0.922990 0.661848 0.125826 0.170996
2 0.816279 0.051928 0.127132 0.103856
0 0.926866 0.120974 0.125826 0.170996
2 0.212913 0.482927 0.125826 0.170996
0 0.807099 0.385755 0.125826 0.170996
0 0.571828 0.392439 0.125826 0.170996
0 0.931130 0.839225 0.125826 0.170996
3 0.933068 0.479842 0.125826 0.170996
3 0.804773 0.565704 0.125826 0.170996
3 0.450897 0.307092 0.125826 0.170996
3 0.452835 0.118403 0.125826 0.170996
3 0.338178 0.060154 0.123643 0.120308
3 0.078611 0.937404 0.124663 0.122622
1 0.687331 0.658506 0.125826 0.170996
5 0.338107 0.578043 0.125826 0.170996
5 0.329967 0.757477 0.125826 0.170996
5 0.444308 0.847452 0.125826 0.170996
5 0.217564 0.670074 0.125826 0.170996
5 0.087719 0.766218 0.125826 0.170996
5 0.093533 0.571359 0.125826 0.170996
5 0.093145 0.396038 0.125826 0.170996
5 0.096634 0.084727 0.125826 0.169453
2 0.220277 0.294238 0.125826 0.170996
3 0.215626 0.855678 0.125826 0.170996
5 0.579192 0.205806 0.125826 0.170996
4 0.327254 0.924036 0.121175 0.149357
5 0.448378 0.967738 0.123113 0.061954
4 0.204580 0.971851 0.114585 0.053728
4 0.564463 0.915167 0.125826 0.167095
1 0.806324 0.750536 0.125826 0.170996
1 0.812913 0.915424 0.125826 0.166581
1 0.452835 0.487297 0.125826 0.170996
1 0.575775 0.054499 0.122868 0.108997
