3 0.350000 0.431362 0.157364 0.212853
3 0.485271 0.360925 0.157364 0.212853
3 0.604264 0.398458 0.157364 0.212853
3 0.755814 0.351671 0.157364 0.212853
3 0.889535 0.382005 0.157364 0.212853
3 0.464341 0.537789 0.157364 0.212853
3 0.592636 0.615424 0.157364 0.212853
3 0.219380 0.351671 0.157364 0.212853
3 0.078295 0.382005 0.156589 0.212853
0 0.216279 0.539846 0.157364 0.212853
0 0.099612 0.619537 0.157364 0.212853
0 0.235659 0.717738 0.157364 0.212853
0 0.350775 0.635990 0.157364 0.212853
0 0.477519 0.736247 0.157364 0.212853
0 0.353101 0.836504 0.157364 0.212853
0 0.604651 0.815424 0.157364 0.212853
0 0.715116 0.719280 0.157364 0.212853
0 0.705426 0.535733 0.157364 0.212853
0 0.839147 0.577378 0.157364 0.212853
0 0.855039 0.803085 0.157364 0.212853
0 0.734496 0.894087 0.157364 0.209254
0 0.113178 0.827506 0.157364 0.212853
0 0.960756 0.513368 0.076550 0.177378
3 0.953391 0.707969 0.091279 0.198458
3 0.952713 0.901671 0.092636 0.194087
0 0.235659 0.918895 0.128682 0.159640
0 0.482558 0.919537 0.128682 0.158355
0 0.024903 0.728406 0.049806 0.176093
0 0.025000 0.912725 0.050000 0.171979
0 0.025097 0.554370 0.050194 0.176093
3 0.366473 0.967738 0.122093 0.061954
3 0.122674 0.967481 0.122093 0.062468
3 0.609109 0.967095 0.122093 0.063239
3 0.862403 0.965167 0.126357 0.067095
