3 0.103101 0.109512 0.139535 0.184062
2 0.229845 0.206684 0.139535 0.184062
4 0.235271 0.775321 0.139535 0.184062
5 0.582558 0.687918 0.139535 0.184062
1 0.708915 0.768123 0.139535 0.184062
2 0.228682 0.393316 0.139535 0.184062
2 0.358527 0.683805 0.139535 0.184062
2 0.474419 0.211311 0.139535 0.184062
2 0.588760 0.312596 0.139535 0.184062
2 0.821705 0.499229 0.139535 0.184062
1 0.815504 0.678149 0.139535 0.184062
1 0.819767 0.857584 0.139535 0.184062
1 0.922481 0.607198 0.139535 0.184062
1 0.591860 0.863753 0.139535 0.184062
1 0.812403 0.314139 0.139535 0.184062
3 0.118798 0.295373 0.127519 0.173265
3 0.122481 0.487918 0.113178 0.167609
3 0.116667 0.675835 0.120155 0.169152
3 0.125194 0.859640 0.131008 0.176864
3 0.242248 0.578920 0.139535 0.184062
3 0.351163 0.492031 0.139535 0.184062
3 0.352326 0.291003 0.139535 0.184062
3 0.346512 0.116710 0.139535 0.184062
3 0.581008 0.117224 0.139535 0.184062
2 0.474031 0.406170 0.139535 0.184062
2 0.476744 0.594859 0.139535 0.184062
2 0.478682 0.780463 0.139535 0.184062
3 0.593798 0.495116 0.139535 0.184062
2 0.693023 0.414910 0.139535 0.184062
3 0.696899 0.210283 0.139535 0.184062
3 0.703876 0.592802 0.139535 0.184062
2 0.923643 0.426735 0.139535 0.184062
2 0.929360 0.228792 0.139341 0.184062
2 0.931008 0.780463 0.136047 0.184062
2 0.363372 0.863239 0.139535 0.184062
2 0.947578 0.940746 0.102907 0.115938
3 0.228876 0.054756 0.134496 0.109512
3 0.460271 0.054884 0.134496 0.109769
3 0.687016 0.054756 0.134496 0.109512
2 0.812403 0.129049 0.139535 0.184062
3 0.933140 0.054499 0.131783 0.108997
3 0.027907 0.206684 0.055814 0.183033
2 0.036531 0.559126 0.062597 0.109512
2 0.253488 0.948201 0.082171 0.101028
2 0.027907 0.768895 0.055814 0.105398
3 0.027907 0.393316 0.055814 0.183033
