0 0.639535 0.350129 0.124031 0.165553
4 0.513566 0.623650 0.141085 0.193316
2 0.280814 0.260411 0.118217 0.175321
3 0.394767 0.347301 0.119767 0.164010
1 0.520155 0.446272 0.130233 0.172751
4 0.751163 0.087661 0.122481 0.157326
4 0.281977 0.439332 0.118217 0.166067
0 0.873256 0.539846 0.124031 0.165553
0 0.875969 0.724422 0.124031 0.165553
1 0.518217 0.269923 0.130233 0.172751
1 0.524031 0.085476 0.130233 0.170951
1 0.636047 0.177635 0.130233 0.172751
1 0.752713 0.271722 0.130233 0.172751
1 0.875581 0.181748 0.130233 0.172751
1 0.868217 0.339589 0.130233 0.172751
1 0.756977 0.441902 0.130233 0.172751
1 0.755814 0.620308 0.130233 0.172751
1 0.640116 0.526350 0.121318 0.164781
1 0.758915 0.808483 0.130233 0.172751
1 0.863953 0.899486 0.130233 0.172751
1 0.639535 0.901028 0.130233 0.172751
1 0.413566 0.720566 0.130233 0.172751
1 0.282171 0.619280 0.130233 0.172751
1 0.280233 0.806941 0.130233 0.172751
1 0.179070 0.713882 0.130233 0.172751
1 0.164729 0.893316 0.130233 0.172751
1 0.064341 0.774550 0.128682 0.172751
1 0.064632 0.625964 0.129264 0.172751
1 0.169961 0.168895 0.130233 0.172751
1 0.279651 0.086247 0.130233 0.172494
1 0.164535 0.337275 0.130233 0.172751
1 0.064535 0.249357 0.129070 0.172751
1 0.404651 0.174807 0.130233 0.172751
1 0.971996 0.092288 0.054070 0.170180
1 0.972093 0.251157 0.053876 0.170180
1 0.967345 0.632391 0.063372 0.180977
1 0.960756 0.439332 0.076550 0.179434
1 0.969671 0.819023 0.058721 0.177892
1 0.969671 0.956427 0.058721 0.084576
1 0.759012 0.957969 0.111822 0.081491
1 0.288857 0.956684 0.111822 0.084062
1 0.056492 0.957326 0.111822 0.082776
2 0.161047 0.524165 0.118217 0.175321
2 0.058527 0.439332 0.117054 0.175321
4 0.521899 0.955398 0.115116 0.086632
2 0.517442 0.804113 0.121705 0.146015
0 0.876163 0.041645 0.122093 0.083290
1 0.165601 0.034961 0.123062 0.069923
1 0.397771 0.035604 0.123062 0.071208
3 0.057364 0.082776 0.114729 0.165553
3 0.399031 0.529820 0.119767 0.164010
3 0.638953 0.713368 0.119767 0.164010
3 0.399031 0.897943 0.119767 0.164010
