3 0.152907 0.189460 0.132171 0.175321
2 0.892636 0.389717 0.126357 0.172751
2 0.897287 0.211311 0.127907 0.157326
4 0.899419 0.781748 0.136047 0.184576
2 0.893992 0.939846 0.127519 0.117738
2 0.780620 0.483805 0.126357 0.172751
2 0.782558 0.679692 0.126357 0.172751
2 0.782946 0.863239 0.126357 0.172751
2 0.667829 0.575835 0.126357 0.172751
2 0.661240 0.390231 0.126357 0.172751
2 0.663953 0.768123 0.126357 0.172751
2 0.542636 0.670951 0.126357 0.172751
2 0.412016 0.578920 0.126357 0.172751
2 0.424806 0.750129 0.126357 0.172751
2 0.424419 0.913753 0.126357 0.169923
2 0.179845 0.757326 0.126357 0.172751
3 0.045349 0.111825 0.090698 0.171208
3 0.045446 0.301542 0.090891 0.171208
3 0.054264 0.480463 0.108527 0.174293
3 0.054167 0.665039 0.108333 0.174293
3 0.057171 0.845501 0.109302 0.174293
3 0.177519 0.925064 0.133333 0.147301
3 0.268023 0.100514 0.132171 0.175321
3 0.283915 0.270694 0.132171 0.175321
3 0.173450 0.381234 0.132171 0.175321
3 0.173062 0.562725 0.132171 0.175321
3 0.299806 0.486118 0.132171 0.175321
3 0.428101 0.393059 0.132171 0.175321
3 0.403682 0.196144 0.132171 0.175321
3 0.524225 0.116452 0.132171 0.175321
3 0.537016 0.325707 0.132171 0.175321
3 0.644380 0.201799 0.132171 0.175321
3 0.761047 0.110797 0.132171 0.175321
3 0.779264 0.294344 0.132171 0.175321
3 0.547868 0.857326 0.132171 0.175321
2 0.543023 0.499743 0.126357 0.172751
3 0.669961 0.938432 0.124419 0.120566
3 0.894767 0.056555 0.125194 0.113111
3 0.393411 0.055527 0.138760 0.111054
3 0.149419 0.051414 0.122868 0.102828
3 0.298643 0.664524 0.132171 0.175321
3 0.301357 0.840874 0.132171 0.175321
3 0.299419 0.838303 0.132171 0.175321
4 0.639922 0.050386 0.126357 0.100771
3 0.899806 0.583805 0.132171 0.175321
3 0.973547 0.104370 0.050969 0.171722
3 0.973740 0.312596 0.050581 0.171722
3 0.973837 0.486889 0.050388 0.171722
3 0.973837 0.691003 0.050388 0.171722
3 0.973837 0.873522 0.050388 0.171722
