5 0.145736 0.134190 0.131783 0.177892
0 0.381008 0.125450 0.131783 0.177892
1 0.731395 0.587147 0.131783 0.177892
4 0.715116 0.761954 0.131783 0.177892
3 0.131395 0.314653 0.131783 0.177892
2 0.135271 0.853470 0.131783 0.177892
3 0.133333 0.493059 0.131783 0.177892
3 0.140698 0.669409 0.131783 0.177892
3 0.250388 0.404627 0.131783 0.177892
3 0.267829 0.206684 0.131783 0.177892
5 0.378682 0.311568 0.131783 0.177892
5 0.506202 0.219537 0.131783 0.177892
1 0.258915 0.586632 0.131783 0.177892
1 0.377132 0.491517 0.131783 0.177892
1 0.380620 0.679177 0.131783 0.177892
1 0.374806 0.870951 0.131783 0.177892
1 0.603101 0.851928 0.131783 0.177892
1 0.615891 0.679692 0.131783 0.177892
1 0.505426 0.404627 0.131783 0.177892
1 0.614341 0.503856 0.131783 0.177892
1 0.611628 0.306941 0.131783 0.177892
1 0.732171 0.212853 0.131783 0.177892
1 0.732558 0.397429 0.131783 0.177892
1 0.848450 0.493573 0.131783 0.177892
1 0.854264 0.307969 0.131783 0.177892
1 0.857752 0.129563 0.131783 0.177892
1 0.845736 0.663753 0.131783 0.177892
1 0.839922 0.855527 0.131783 0.177892
2 0.615891 0.128021 0.115504 0.165553
3 0.252326 0.768123 0.131783 0.177892
3 0.493023 0.766581 0.131783 0.177892
1 0.491085 0.579949 0.131783 0.177892
0 0.736434 0.059126 0.116279 0.118252
1 0.951066 0.064910 0.095930 0.129820
1 0.959981 0.220051 0.078101 0.170694
1 0.959787 0.402571 0.078488 0.170694
1 0.959205 0.589203 0.079651 0.170694
1 0.488760 0.930591 0.107752 0.129563
1 0.730426 0.935347 0.118217 0.126735
1 0.612016 0.975964 0.115504 0.045501
1 0.383721 0.975964 0.115504 0.045501
3 0.247868 0.917995 0.134496 0.161440
3 0.245930 0.916710 0.134496 0.164010
5 0.048837 0.067866 0.097674 0.135733
0 0.954457 0.755784 0.089147 0.160411
4 0.954167 0.925578 0.089729 0.146272
2 0.499806 0.060154 0.115116 0.120308
