3 0.953973 0.069409 0.090116 0.138817
2 0.275969 0.224165 0.127907 0.175835
1 0.623256 0.510026 0.127907 0.175835
0 0.386047 0.319794 0.127907 0.175835
5 0.380620 0.133676 0.127907 0.175835
3 0.266667 0.406170 0.127907 0.175835
3 0.384109 0.504370 0.127907 0.175835
2 0.158527 0.494087 0.127907 0.175835
1 0.153101 0.306941 0.127907 0.175835
1 0.275194 0.585090 0.127907 0.175835
1 0.158527 0.860154 0.127907 0.175835
2 0.158915 0.674550 0.127907 0.175835
1 0.387984 0.682262 0.127907 0.175835
1 0.392248 0.871979 0.127907 0.175835
1 0.508915 0.783033 0.127907 0.175835
2 0.264729 0.772751 0.127907 0.175835
1 0.510465 0.609254 0.127907 0.175835
1 0.625581 0.687918 0.127907 0.175835
1 0.629845 0.869409 0.127907 0.175835
1 0.748837 0.780463 0.127907 0.175835
1 0.748450 0.594859 0.127907 0.175835
1 0.741085 0.412339 0.127907 0.175835
1 0.744574 0.245244 0.127907 0.175835
1 0.863566 0.338303 0.127907 0.175835
1 0.860853 0.507455 0.127907 0.175835
1 0.865891 0.687918 0.127907 0.175835
1 0.871705 0.871465 0.127907 0.175835
2 0.503488 0.417995 0.127907 0.175835
2 0.625581 0.324936 0.127907 0.175835
2 0.856202 0.146530 0.127907 0.175835
0 0.622868 0.132134 0.127907 0.175835
1 0.503876 0.222108 0.127907 0.175835
2 0.501357 0.054113 0.121318 0.107712
2 0.740504 0.052956 0.121318 0.105913
1 0.513372 0.941517 0.118217 0.114396
2 0.278876 0.946658 0.121318 0.104113
1 0.747093 0.941774 0.118217 0.113882
1 0.048062 0.773779 0.096124 0.151157
2 0.049225 0.410540 0.098450 0.180463
3 0.048062 0.600000 0.096124 0.175835
3 0.045349 0.223136 0.090698 0.183033
3 0.054264 0.055527 0.108527 0.111054
3 0.269477 0.055784 0.109884 0.111568
1 0.961531 0.412596 0.075000 0.162982
1 0.961434 0.594087 0.075194 0.162982
1 0.961143 0.773522 0.075775 0.162982
0 0.956880 0.938432 0.084302 0.120566
3 0.955717 0.233548 0.086628 0.158612
3 0.147674 0.114653 0.127907 0.175835
