1 0.560853 0.213368 0.132558 0.194344
1 0.669767 0.295116 0.132558 0.194344
1 0.568605 0.405656 0.132558 0.194344
1 0.672093 0.479177 0.132558 0.194344
1 0.551550 0.573265 0.132558 0.194344
1 0.667442 0.656041 0.132558 0.194344
1 0.794186 0.746015 0.132558 0.194344
1 0.897674 0.653985 0.132558 0.194344
1 0.899612 0.496144 0.132558 0.194344
1 0.911628 0.308483 0.132558 0.194344
1 0.801938 0.218509 0.132558 0.194344
1 0.792248 0.389717 0.132558 0.194344
1 0.667054 0.847815 0.132558 0.194344
1 0.906202 0.840103 0.132558 0.194344
1 0.781008 0.903470 0.132558 0.190488
1 0.550775 0.752185 0.132558 0.194344
1 0.551163 0.902185 0.132558 0.193059
1 0.312791 0.742931 0.132558 0.194344
1 0.306977 0.555270 0.132558 0.194344
1 0.442248 0.300771 0.132558 0.194344
1 0.443411 0.128535 0.132558 0.194344
1 0.318217 0.220566 0.132558 0.194344
1 0.196899 0.297172 0.132558 0.194344
1 0.209690 0.477635 0.132558 0.194344
1 0.205426 0.660154 0.132558 0.194344
1 0.205814 0.823136 0.132558 0.194344
1 0.074419 0.756812 0.132558 0.194344
1 0.077132 0.576350 0.132558 0.194344
1 0.079845 0.404113 0.132558 0.194344
1 0.073256 0.210283 0.132558 0.194344
1 0.199225 0.108997 0.132558 0.194344
1 0.439922 0.470437 0.132558 0.194344
4 0.314729 0.378406 0.132558 0.194344
0 0.430319 0.673008 0.132558 0.194344
0 0.786047 0.573779 0.132558 0.194344
1 0.438372 0.837532 0.132558 0.194344
1 0.317054 0.903342 0.132558 0.190746
4 0.671705 0.105398 0.132558 0.194344
1 0.905426 0.118252 0.132558 0.194344
1 0.562145 0.096215 0.132558 0.192431
1 0.786951 0.096501 0.132558 0.193002
1 0.322696 0.096430 0.132558 0.192859
1 0.074849 0.096715 0.132558 0.193430
0 0.070930 0.903242 0.132558 0.190945
1 0.975969 0.213368 0.044961 0.190231
1 0.978101 0.387661 0.041860 0.190231
1 0.978004 0.598972 0.042054 0.190231
1 0.978004 0.905270 0.042054 0.186889
4 0.977907 0.769666 0.042248 0.190231
