4 0.189535 0.281748 0.138760 0.193316
4 0.193798 0.455013 0.138760 0.193316
4 0.186434 0.630334 0.138760 0.193316
4 0.308527 0.735733 0.138760 0.193316
4 0.438372 0.821594 0.138760 0.193316
4 0.555039 0.903856 0.138760 0.189717
4 0.316667 0.896915 0.138760 0.193316
4 0.195349 0.804884 0.138760 0.193316
4 0.069380 0.182262 0.138760 0.193316
0 0.317829 0.547815 0.138760 0.193316
3 0.068895 0.724165 0.137791 0.193316
3 0.068895 0.550900 0.137791 0.193316
3 0.069089 0.374550 0.138178 0.193316
3 0.068798 0.903985 0.137597 0.189460
3 0.439922 0.651414 0.138760 0.193316
3 0.319380 0.193316 0.138760 0.193316
3 0.446124 0.273008 0.138760 0.193316
3 0.319380 0.373265 0.138760 0.193316
3 0.564729 0.190746 0.138760 0.193316
3 0.554264 0.735219 0.138760 0.193316
2 0.681783 0.642159 0.138760 0.193316
2 0.805426 0.725964 0.138760 0.193316
2 0.814341 0.535219 0.138760 0.193316
2 0.804651 0.358869 0.138760 0.193316
2 0.916667 0.455013 0.138760 0.193316
2 0.913953 0.635476 0.138760 0.193316
2 0.921318 0.821080 0.138760 0.193316
2 0.683721 0.827763 0.138760 0.193316
2 0.569380 0.557841 0.138760 0.193316
2 0.689147 0.465810 0.138760 0.193316
2 0.446124 0.458098 0.138760 0.193316
3 0.562791 0.376350 0.138760 0.193316
3 0.687209 0.096530 0.138760 0.193059
2 0.804264 0.161954 0.138760 0.193316
2 0.922481 0.273522 0.138760 0.193316
2 0.919767 0.096272 0.138760 0.192545
3 0.200388 0.099229 0.138760 0.193316
3 0.444186 0.097686 0.138760 0.193316
3 0.678682 0.096530 0.138760 0.193059
3 0.678682 0.274036 0.138760 0.193316
3 0.796124 0.903856 0.138760 0.189717
2 0.568411 0.046272 0.140698 0.092545
5 0.316473 0.048201 0.121318 0.096401
3 0.067829 0.040617 0.135659 0.081234
