1 0.211628 0.144987 0.125581 0.187147
1 0.211240 0.320308 0.125581 0.187147
1 0.213178 0.513111 0.125581 0.187147
1 0.208915 0.875578 0.125581 0.187147
1 0.330233 0.773265 0.125581 0.187147
1 0.332171 0.596915 0.125581 0.187147
1 0.336434 0.424679 0.125581 0.187147
1 0.334496 0.245244 0.125581 0.187147
1 0.327132 0.092802 0.125581 0.185604
1 0.439922 0.144987 0.125581 0.187147
1 0.448062 0.318252 0.125581 0.187147
1 0.446899 0.503856 0.125581 0.187147
1 0.448837 0.670951 0.125581 0.187147
1 0.443798 0.862725 0.125581 0.187147
1 0.563566 0.769666 0.125581 0.187147
1 0.563178 0.593316 0.125581 0.187147
1 0.564341 0.426221 0.125581 0.187147
1 0.563953 0.243702 0.125581 0.187147
1 0.679845 0.151671 0.125581 0.187147
1 0.678682 0.333162 0.125581 0.187147
1 0.676744 0.508483 0.125581 0.187147
1 0.678682 0.671465 0.125581 0.187147
1 0.680620 0.861183 0.125581 0.187147
1 0.803488 0.775321 0.125581 0.187147
1 0.794574 0.611311 0.125581 0.187147
1 0.795736 0.422622 0.125581 0.187147
1 0.912403 0.326478 0.125581 0.187147
1 0.921318 0.688946 0.125581 0.187147
1 0.920930 0.855013 0.125581 0.187147
1 0.915891 0.160411 0.125581 0.187147
1 0.798450 0.938432 0.127132 0.120566
1 0.102326 0.404370 0.125581 0.187147
1 0.092248 0.243445 0.125581 0.187147
1 0.088178 0.073522 0.127519 0.147044
5 0.920930 0.498458 0.125581 0.187147
0 0.096124 0.584833 0.125581 0.187147
0 0.212791 0.694344 0.125581 0.187147
0 0.560465 0.073008 0.120930 0.146015
5 0.088372 0.776093 0.125581 0.187147
1 0.333140 0.937404 0.114341 0.122622
1 0.451163 0.981105 0.114729 0.035219
1 0.675581 0.981234 0.114729 0.034961
1 0.923256 0.981362 0.114729 0.034704
1 0.215891 0.981362 0.114729 0.034704
1 0.087016 0.937532 0.114341 0.122365
1 0.682558 0.021080 0.113953 0.042159
1 0.560853 0.938946 0.127132 0.119537
0 0.792442 0.065810 0.122093 0.131620
1 0.017829 0.332005 0.035659 0.154499
1 0.017829 0.504242 0.035659 0.154499
1 0.017345 0.871851 0.034690 0.154499
1 0.018023 0.146401 0.036047 0.154499
1 0.015116 0.021080 0.030233 0.042159
1 0.984012 0.062339 0.030039 0.124679
2 0.015891 0.672622 0.031783 0.139589
