1 0.436047 0.312596 0.135659 0.164524
1 0.555814 0.216452 0.135659 0.164524
1 0.559302 0.401028 0.135659 0.164524
1 0.678295 0.494087 0.135659 0.164524
1 0.563178 0.586118 0.135659 0.164524
1 0.679070 0.670951 0.135659 0.164524
1 0.798062 0.585090 0.135659 0.164524
1 0.793798 0.767609 0.135659 0.164524
1 0.915116 0.676607 0.135659 0.164524
1 0.920155 0.857069 0.135659 0.164524
1 0.797287 0.918380 0.135659 0.160668
1 0.686047 0.857069 0.135659 0.164524
1 0.442248 0.670437 0.135659 0.164524
1 0.319380 0.581491 0.135659 0.164524
1 0.324419 0.757841 0.135659 0.164524
1 0.444961 0.850900 0.135659 0.164524
1 0.321318 0.918252 0.135659 0.160925
1 0.201550 0.667609 0.135659 0.164524
1 0.200388 0.486118 0.135659 0.164524
1 0.087597 0.757069 0.135659 0.164524
1 0.670155 0.133419 0.135659 0.164524
1 0.800000 0.228535 0.135659 0.164524
5 0.680233 0.318509 0.135659 0.164524
2 0.792636 0.399743 0.135659 0.164524
2 0.920543 0.322622 0.135659 0.164524
3 0.068992 0.059126 0.137984 0.118252
3 0.193798 0.304627 0.135659 0.164524
1 0.212016 0.851157 0.135659 0.164524
2 0.907752 0.148329 0.135659 0.164524
2 0.922093 0.501542 0.135659 0.164524
2 0.436434 0.490746 0.135659 0.164524
2 0.562403 0.760668 0.135659 0.164524
2 0.320930 0.210026 0.135659 0.164524
2 0.439147 0.127249 0.135659 0.164524
2 0.322481 0.393059 0.135659 0.164524
2 0.077907 0.571465 0.135659 0.164524
2 0.077519 0.394087 0.135659 0.164524
2 0.200388 0.125193 0.135659 0.164524
1 0.321899 0.056041 0.120543 0.112082
1 0.557752 0.060668 0.127907 0.121337
2 0.076744 0.214139 0.135659 0.164524
1 0.563372 0.930591 0.120543 0.136247
1 0.452713 0.974422 0.122481 0.048586
1 0.222093 0.975578 0.122481 0.046272
2 0.079845 0.918380 0.135659 0.160668
1 0.794767 0.061697 0.125194 0.123393
