0 0.873643 0.617995 0.131008 0.186118
1 0.524031 0.526478 0.131008 0.186118
3 0.052713 0.154756 0.105426 0.153213
2 0.757752 0.170180 0.131008 0.186118
2 0.518605 0.158355 0.131008 0.186118
1 0.874419 0.259126 0.131008 0.186118
1 0.875581 0.092674 0.131008 0.185347
3 0.871512 0.436761 0.115116 0.153728
1 0.620543 0.792288 0.131008 0.186118
5 0.750388 0.710540 0.131008 0.186118
2 0.522093 0.332648 0.131008 0.186118
2 0.516279 0.882262 0.131008 0.186118
1 0.514729 0.698201 0.131008 0.186118
1 0.398062 0.784062 0.131008 0.186118
1 0.405426 0.602571 0.131008 0.186118
1 0.403488 0.451928 0.131008 0.186118
1 0.407752 0.092416 0.131008 0.184833
2 0.286047 0.154242 0.120930 0.168638
2 0.281977 0.335476 0.098837 0.146530
2 0.284109 0.512596 0.107752 0.159383
1 0.273256 0.693573 0.131008 0.186118
1 0.278295 0.875064 0.131008 0.186118
1 0.158527 0.789203 0.131008 0.186118
1 0.162016 0.596401 0.131008 0.186118
1 0.159302 0.439589 0.131008 0.186118
1 0.165891 0.255013 0.131008 0.186118
0 0.637209 0.078663 0.125581 0.157326
0 0.752713 0.347558 0.108527 0.166581
3 0.748837 0.885347 0.131008 0.186118
1 0.052326 0.323393 0.104651 0.177892
1 0.053101 0.687918 0.105426 0.177892
1 0.973353 0.361954 0.051357 0.137789
1 0.973159 0.520823 0.051744 0.137789
1 0.972965 0.882262 0.052132 0.137789
3 0.968508 0.703599 0.061047 0.160925
2 0.167248 0.075193 0.122868 0.150386
2 0.405039 0.258612 0.131008 0.186118
2 0.629457 0.241645 0.131008 0.186118
2 0.632946 0.430334 0.131008 0.186118
2 0.629457 0.608740 0.131008 0.186118
2 0.750775 0.531105 0.131008 0.186118
2 0.754264 0.032391 0.117829 0.064781
1 0.515116 0.028792 0.124806 0.057584
1 0.161047 0.939717 0.135271 0.117995
1 0.396318 0.939589 0.135271 0.118252
0 0.636434 0.950257 0.117829 0.096915
2 0.863469 0.946015 0.121512 0.105398
1 0.050000 0.868638 0.100000 0.179434
0 0.958043 0.162982 0.081977 0.171722
1 0.972965 0.033419 0.052132 0.066838
2 0.863178 0.798458 0.131008 0.186118
1 0.052035 0.511568 0.104070 0.177892
