1 0.282171 0.286375 0.128682 0.182005
1 0.395736 0.362982 0.128682 0.182005
1 0.398450 0.559897 0.128682 0.182005
1 0.516667 0.644730 0.128682 0.182005
1 0.514729 0.805656 0.128682 0.182005
1 0.635659 0.360411 0.128682 0.182005
1 0.874806 0.369152 0.128682 0.182005
1 0.881715 0.541388 0.128682 0.182005
1 0.283333 0.642674 0.128682 0.182005
1 0.400000 0.901285 0.128682 0.182005
1 0.166279 0.732134 0.128682 0.182005
1 0.156589 0.549614 0.128682 0.182005
1 0.169380 0.361954 0.128682 0.182005
1 0.172093 0.183548 0.128682 0.182005
1 0.282558 0.099743 0.128682 0.182005
1 0.064147 0.284319 0.128295 0.182005
1 0.064244 0.455527 0.128488 0.182005
1 0.064244 0.657584 0.128488 0.182005
1 0.752132 0.279692 0.128682 0.182005
1 0.525388 0.098201 0.128682 0.182005
2 0.526550 0.280720 0.128682 0.182005
2 0.512209 0.461183 0.128682 0.182005
2 0.403295 0.191260 0.128682 0.182005
2 0.750969 0.472494 0.128682 0.182005
2 0.752907 0.650900 0.128682 0.182005
2 0.871899 0.728535 0.128682 0.182005
2 0.634302 0.738303 0.128682 0.182005
2 0.633915 0.559897 0.128682 0.182005
3 0.764991 0.815606 0.128682 0.182005
1 0.408140 0.730077 0.128682 0.182005
1 0.282171 0.464267 0.128682 0.182005
2 0.631954 0.176834 0.128682 0.182005
4 0.749806 0.093573 0.128682 0.182005
0 0.283140 0.816452 0.128682 0.182005
0 0.640891 0.896144 0.128682 0.182005
0 0.880814 0.905913 0.128682 0.182005
1 0.170736 0.901799 0.128682 0.182005
2 0.064079 0.827310 0.128158 0.182005
0 0.063566 0.090617 0.127132 0.181234
2 0.876550 0.184576 0.128682 0.182005
0 0.400724 0.047815 0.128785 0.095630
1 0.966182 0.466339 0.065698 0.184092
1 0.967442 0.815061 0.063178 0.180251
4 0.965441 0.095048 0.067180 0.182141
1 0.767795 0.955913 0.124738 0.085604
1 0.975872 0.965167 0.046318 0.067095
0 0.063999 0.959512 0.127998 0.078406
3 0.283464 0.959512 0.131270 0.078406
2 0.631675 0.042674 0.128899 0.085347
1 0.170930 0.048329 0.131008 0.096658
3 0.965988 0.284924 0.066085 0.183215
3 0.873871 0.046915 0.128226 0.093830
2 0.965019 0.638817 0.068023 0.177378
0 0.521751 0.959897 0.127998 0.077635
