1 0.407364 0.273008 0.134109 0.188175
1 0.516279 0.355784 0.134109 0.188175
1 0.407364 0.437532 0.134109 0.188175
1 0.514729 0.536761 0.134109 0.188175
1 0.639922 0.452956 0.134109 0.188175
1 0.751938 0.541902 0.134109 0.188175
1 0.883333 0.639075 0.134109 0.188175
1 0.639535 0.633419 0.134109 0.188175
1 0.514341 0.724422 0.134109 0.188175
1 0.410078 0.625193 0.134109 0.188175
1 0.287984 0.355270 0.134109 0.188175
1 0.279171 0.164949 0.134109 0.188175
1 0.179457 0.258612 0.134109 0.188175
1 0.066473 0.163496 0.132946 0.188175
1 0.066764 0.352185 0.133527 0.188175
1 0.066957 0.532648 0.133915 0.188175
1 0.169574 0.614396 0.134109 0.188175
4 0.162802 0.444942 0.134109 0.188175
4 0.289029 0.536906 0.134109 0.188175
4 0.869961 0.466838 0.134109 0.188175
2 0.291667 0.704370 0.134109 0.188175
2 0.421785 0.818358 0.134109 0.188175
2 0.631202 0.828792 0.134109 0.188175
2 0.761822 0.718252 0.134109 0.188175
2 0.868411 0.834961 0.134109 0.188175
2 0.761047 0.906555 0.134109 0.184319
2 0.747207 0.366248 0.134109 0.188175
2 0.878101 0.102314 0.134109 0.188175
2 0.405620 0.093573 0.134109 0.187147
1 0.882946 0.283805 0.134109 0.188175
0 0.527326 0.190231 0.134109 0.188175
0 0.757558 0.192288 0.134109 0.188175
2 0.158721 0.800514 0.134109 0.188175
2 0.066570 0.721851 0.133140 0.188175
2 0.066473 0.885861 0.132946 0.188175
1 0.283140 0.887404 0.134109 0.188175
2 0.529332 0.906638 0.134109 0.184152
1 0.646630 0.093417 0.134109 0.186834
3 0.646502 0.272301 0.134109 0.188175
3 0.168407 0.094055 0.134109 0.188110
2 0.966182 0.199372 0.065698 0.193088
1 0.286485 0.043445 0.135558 0.086889
1 0.528733 0.043316 0.135558 0.086632
1 0.760128 0.043188 0.135558 0.086375
2 0.966279 0.384976 0.065504 0.193088
2 0.965988 0.545901 0.066085 0.193088
2 0.965988 0.721223 0.066085 0.193088
2 0.966473 0.903728 0.065116 0.189974
3 0.179165 0.948458 0.130423 0.100514
3 0.401258 0.947943 0.130423 0.101542
2 0.635368 0.958997 0.129651 0.079434
