0 0.242636 0.225193 0.147287 0.203599
0 0.481783 0.230848 0.147287 0.203599
0 0.370543 0.317738 0.147287 0.203599
0 0.357752 0.138303 0.147287 0.203599
0 0.607752 0.122365 0.147287 0.203599
0 0.619767 0.318252 0.147287 0.203599
0 0.505426 0.420566 0.147287 0.203599
0 0.739922 0.210283 0.147287 0.203599
0 0.759690 0.420566 0.147287 0.203599
0 0.253101 0.424165 0.147287 0.203599
0 0.388372 0.517224 0.147287 0.203599
0 0.517442 0.617481 0.147287 0.203599
0 0.263566 0.612853 0.147287 0.203599
0 0.132171 0.522879 0.147287 0.203599
0 0.131008 0.334190 0.147287 0.203599
0 0.115891 0.119794 0.147287 0.203599
3 0.631008 0.506941 0.147287 0.203599
4 0.640310 0.707455 0.147287 0.203599
3 0.760078 0.612339 0.147287 0.203599
3 0.887597 0.721851 0.147287 0.203599
3 0.756977 0.809769 0.147287 0.203599
3 0.513953 0.793830 0.147287 0.203599
3 0.387984 0.704884 0.147287 0.203599
3 0.276744 0.802057 0.147287 0.203599
3 0.141473 0.698715 0.147287 0.203599
3 0.148062 0.893573 0.147287 0.203599
3 0.398062 0.899100 0.147287 0.199229
0 0.891085 0.531105 0.147287 0.203599
3 0.864341 0.316710 0.147287 0.203599
0 0.848837 0.102828 0.147287 0.203599
3 0.648837 0.907584 0.117829 0.182262
3 0.773062 0.954884 0.133721 0.087661
3 0.535465 0.954884 0.133721 0.087661
3 0.282364 0.955141 0.133721 0.087147
3 0.047965 0.955270 0.095930 0.086889
3 0.042248 0.816067 0.084496 0.177635
0 0.040795 0.624165 0.081589 0.209769
0 0.040988 0.420051 0.081977 0.209769
0 0.027616 0.229049 0.055233 0.173265
0 0.024419 0.063239 0.048837 0.126478
0 0.717248 0.051414 0.139147 0.102828
0 0.475775 0.051671 0.139147 0.103342
0 0.231977 0.050643 0.139147 0.101285
0 0.233915 0.052185 0.139147 0.103342
3 0.957171 0.200257 0.083721 0.196915
3 0.957752 0.415681 0.082558 0.196915
3 0.969671 0.620308 0.058721 0.179434
3 0.969767 0.814139 0.058527 0.179434
2 0.887016 0.906555 0.124419 0.184319
