0 0.372093 0.555270 0.127132 0.180977
0 0.837597 0.557841 0.127132 0.180977
0 0.722481 0.825707 0.127132 0.180977
1 0.594186 0.378920 0.127132 0.180977
1 0.599225 0.567609 0.127132 0.180977
2 0.719380 0.275578 0.127132 0.180977
3 0.482171 0.117224 0.127132 0.180977
3 0.477132 0.281234 0.127132 0.180977
1 0.720930 0.466838 0.127132 0.180977
1 0.833721 0.372751 0.127132 0.180977
2 0.829070 0.200000 0.127132 0.180977
2 0.600775 0.199486 0.127132 0.180977
2 0.706589 0.111568 0.127132 0.180977
2 0.251163 0.282776 0.127132 0.180977
1 0.483333 0.465296 0.127132 0.180977
1 0.482171 0.636504 0.127132 0.180977
1 0.601163 0.734704 0.127132 0.180977
1 0.720930 0.645758 0.127132 0.180977
1 0.843798 0.732648 0.127132 0.180977
1 0.936919 0.831877 0.124225 0.180977
1 0.936919 0.656555 0.124225 0.180977
1 0.838760 0.910540 0.127132 0.176350
1 0.600388 0.909897 0.127132 0.177635
1 0.486047 0.825707 0.127132 0.180977
1 0.366279 0.736761 0.127132 0.180977
1 0.362016 0.381491 0.127132 0.180977
1 0.357752 0.201028 0.127132 0.180977
1 0.244186 0.451414 0.127132 0.180977
1 0.250775 0.639075 0.127132 0.180977
1 0.251938 0.829820 0.127132 0.180977
1 0.370930 0.910154 0.127132 0.177121
1 0.128682 0.731620 0.127132 0.180977
1 0.133721 0.560411 0.127132 0.180977
1 0.129457 0.385090 0.127132 0.180977
1 0.132171 0.200514 0.127132 0.180977
2 0.246124 0.110540 0.127132 0.180977
2 0.936725 0.283805 0.124612 0.180977
2 0.936919 0.473522 0.124225 0.180977
3 0.937112 0.106941 0.123837 0.180977
2 0.130620 0.900257 0.127132 0.180977
2 0.827229 0.047344 0.135594 0.094687
0 0.587995 0.046987 0.135594 0.093973
2 0.368357 0.047272 0.135594 0.094544
3 0.145273 0.047129 0.135594 0.094259
1 0.040429 0.635376 0.079134 0.189689
1 0.039244 0.457998 0.078488 0.189689
1 0.039137 0.810468 0.078273 0.189689
3 0.039137 0.285190 0.078273 0.189689
3 0.039137 0.094045 0.078273 0.188089
