1 0.437597 0.370694 0.131008 0.161440
1 0.555814 0.288946 0.131008 0.161440
1 0.567054 0.110540 0.131008 0.161440
1 0.673643 0.196401 0.131008 0.161440
1 0.680233 0.382005 0.131008 0.161440
1 0.793798 0.465810 0.131008 0.161440
1 0.671705 0.560925 0.131008 0.161440
1 0.796124 0.649871 0.131008 0.161440
1 0.670155 0.738817 0.131008 0.161440
1 0.673643 0.919666 0.131008 0.158098
1 0.209690 0.559897 0.131008 0.161440
1 0.319380 0.466838 0.131008 0.161440
1 0.209690 0.373779 0.131008 0.161440
1 0.207752 0.194344 0.131008 0.161440
1 0.201163 0.742931 0.131008 0.161440
1 0.203101 0.912082 0.131008 0.161440
1 0.903488 0.370694 0.131008 0.161440
1 0.906977 0.200514 0.131008 0.161440
1 0.087984 0.104370 0.131008 0.161440
0 0.315030 0.105913 0.131008 0.161440
0 0.794186 0.291517 0.131008 0.161440
0 0.441085 0.554242 0.131008 0.161440
0 0.434496 0.918895 0.131008 0.159640
0 0.075969 0.465810 0.131008 0.161440
5 0.321318 0.640103 0.131008 0.161440
5 0.320930 0.823650 0.131008 0.161440
5 0.443798 0.744987 0.131008 0.161440
5 0.558915 0.644730 0.131008 0.161440
5 0.077907 0.652442 0.131008 0.161440
2 0.076357 0.284319 0.131008 0.161440
2 0.441860 0.199486 0.131008 0.161440
2 0.558527 0.459126 0.131008 0.161440
3 0.320155 0.283805 0.131008 0.161440
3 0.078682 0.820051 0.131008 0.161440
2 0.800388 0.111568 0.131008 0.161440
2 0.911628 0.549100 0.131008 0.161440
5 0.791860 0.831362 0.131008 0.161440
5 0.911628 0.740360 0.131008 0.161440
0 0.555426 0.829306 0.131008 0.161440
1 0.449149 0.054484 0.131632 0.108969
1 0.208053 0.057584 0.145134 0.115167
1 0.681438 0.050800 0.125495 0.099943
0 0.908226 0.058098 0.126184 0.116195
0 0.553488 0.826735 0.131008 0.161440
1 0.785971 0.959369 0.132881 0.078692
1 0.552552 0.951185 0.132881 0.081748
0 0.319714 0.950871 0.134905 0.095687
