1 0.211628 0.170180 0.133333 0.179949
0 0.211240 0.529563 0.133333 0.179949
3 0.212791 0.714653 0.133333 0.179949
5 0.092636 0.093573 0.133333 0.179949
1 0.211240 0.347558 0.133333 0.179949
1 0.097674 0.273008 0.133333 0.179949
1 0.094186 0.456555 0.133333 0.179949
1 0.094574 0.626735 0.133333 0.179949
1 0.096512 0.796915 0.133333 0.179949
1 0.217054 0.896144 0.133333 0.179949
1 0.328295 0.814396 0.133333 0.179949
1 0.330233 0.637018 0.133333 0.179949
1 0.331395 0.446272 0.133333 0.179949
1 0.331008 0.261697 0.133333 0.179949
1 0.329070 0.092545 0.133333 0.179949
1 0.444186 0.172237 0.133333 0.179949
1 0.440698 0.353728 0.133333 0.179949
1 0.444961 0.532134 0.133333 0.179949
1 0.447674 0.704370 0.133333 0.179949
1 0.447287 0.881748 0.133333 0.179949
1 0.563953 0.802057 0.133333 0.179949
1 0.562016 0.622622 0.133333 0.179949
1 0.565504 0.452442 0.133333 0.179949
1 0.568992 0.265810 0.133333 0.179949
1 0.561628 0.088946 0.133333 0.177892
1 0.679070 0.168638 0.133333 0.179949
1 0.687984 0.343959 0.133333 0.179949
1 0.678295 0.539846 0.133333 0.179949
1 0.677907 0.710026 0.133333 0.179949
1 0.683721 0.891517 0.133333 0.179949
1 0.799612 0.814910 0.133333 0.179949
1 0.791473 0.633419 0.133333 0.179949
1 0.795736 0.434447 0.133333 0.179949
1 0.800775 0.264267 0.133333 0.179949
1 0.801163 0.093059 0.133333 0.179949
1 0.921705 0.173779 0.133333 0.179949
1 0.919767 0.340874 0.133333 0.179949
1 0.924031 0.713625 0.133333 0.179949
1 0.919767 0.894087 0.133333 0.179949
3 0.918605 0.521851 0.133333 0.179949
1 0.913178 0.037018 0.133333 0.074036
1 0.684109 0.037532 0.133333 0.075064
0 0.571705 0.948715 0.126357 0.100000
1 0.807364 0.951799 0.121705 0.093830
1 0.334109 0.951799 0.121705 0.093830
1 0.108140 0.952185 0.121705 0.093059
1 0.024806 0.884319 0.049612 0.174807
1 0.020930 0.523136 0.041860 0.167095
0 0.022093 0.349614 0.044186 0.160411
1 0.020543 0.167609 0.041085 0.166581
1 0.986240 0.253213 0.025581 0.160925
1 0.986337 0.434704 0.025388 0.160925
1 0.986240 0.597686 0.025581 0.160925
1 0.986143 0.779177 0.025775 0.160925
1 0.450775 0.037147 0.133333 0.074293
