1 0.366532 0.202163 0.124284 0.180228
1 0.490984 0.293199 0.124284 0.180228
0 0.713389 0.122974 0.124284 0.180228
2 0.487993 0.473650 0.124284 0.180228
1 0.596478 0.388426 0.124284 0.180228
1 0.594540 0.214010 0.124284 0.180228
1 0.604188 0.089863 0.124284 0.179725
1 0.716717 0.297558 0.124284 0.180228
1 0.715832 0.473818 0.124284 0.180228
1 0.721267 0.650078 0.124284 0.180228
1 0.610844 0.563681 0.124284 0.180228
1 0.832912 0.573237 0.124284 0.180228
1 0.838347 0.394629 0.124284 0.180228
1 0.839569 0.218816 0.124284 0.180228
1 0.938195 0.305661 0.121672 0.180228
1 0.937753 0.128820 0.122556 0.180228
1 0.938300 0.655387 0.121461 0.180228
1 0.833502 0.756203 0.124284 0.180228
1 0.834724 0.910668 0.124284 0.176093
1 0.255131 0.644341 0.124284 0.180228
2 0.370197 0.390047 0.124284 0.180228
2 0.599975 0.752124 0.124284 0.180228
2 0.482179 0.665726 0.124284 0.180228
2 0.721267 0.841763 0.124284 0.180228
2 0.493765 0.838968 0.124284 0.180228
2 0.603472 0.910640 0.124284 0.176148
2 0.251095 0.465827 0.124284 0.180228
2 0.131193 0.210378 0.124284 0.180228
3 0.040476 0.839887 0.080953 0.186714
3 0.131277 0.910439 0.124284 0.176551
1 0.114692 0.374232 0.124284 0.180228
1 0.363709 0.751677 0.124284 0.180228
2 0.120487 0.569288 0.124284 0.180228
2 0.135659 0.748156 0.124284 0.180228
2 0.258005 0.837795 0.124284 0.180228
1 0.255013 0.118224 0.124284 0.180228
1 0.476365 0.117050 0.124284 0.180228
0 0.938722 0.839918 0.120618 0.180228
3 0.370534 0.910668 0.124284 0.176093
1 0.938469 0.488907 0.121124 0.180228
1 0.824790 0.089521 0.124284 0.179042
1 0.375609 0.089592 0.124284 0.179185
1 0.134222 0.089807 0.124284 0.179613
1 0.036822 0.116259 0.073643 0.182906
2 0.036047 0.291380 0.072093 0.178165
2 0.370413 0.563140 0.124284 0.180228
2 0.037984 0.659438 0.075969 0.188578
3 0.043023 0.475994 0.086047 0.195570
0 0.244181 0.294639 0.124284 0.180228
