1 0.208915 0.227249 0.124806 0.178920
1 0.336434 0.315167 0.124806 0.178920
1 0.330620 0.136761 0.124806 0.178920
1 0.205426 0.402571 0.124806 0.178920
1 0.209690 0.577892 0.124806 0.178920
1 0.096124 0.494087 0.124806 0.178920
2 0.090310 0.845244 0.124806 0.178920
3 0.320543 0.857584 0.124806 0.178920
0 0.445349 0.396915 0.124806 0.178920
4 0.552326 0.852442 0.124806 0.178920
5 0.675581 0.088817 0.124806 0.177635
1 0.100775 0.134190 0.124806 0.178920
1 0.205039 0.760925 0.124806 0.178920
1 0.213953 0.911568 0.124806 0.174293
1 0.324419 0.678920 0.124806 0.178920
3 0.560853 0.138817 0.124806 0.178920
1 0.444961 0.223650 0.124806 0.178920
1 0.443023 0.756812 0.124806 0.178920
1 0.441860 0.582519 0.124806 0.178920
1 0.560078 0.312596 0.124806 0.178920
1 0.561240 0.671979 0.124806 0.178920
1 0.554651 0.492545 0.124806 0.178920
0 0.675969 0.399486 0.124806 0.178920
5 0.792248 0.133933 0.124806 0.178920
1 0.680620 0.575321 0.124806 0.178920
3 0.793798 0.307969 0.124806 0.178920
3 0.793411 0.487404 0.124806 0.178920
3 0.794574 0.678149 0.124806 0.178920
3 0.917442 0.756812 0.124806 0.178920
3 0.924031 0.401542 0.124806 0.178920
1 0.918217 0.575835 0.124806 0.178920
2 0.792248 0.852956 0.124806 0.178920
3 0.921318 0.221080 0.124806 0.178920
1 0.214341 0.060668 0.120155 0.121337
1 0.451163 0.060797 0.120155 0.121594
1 0.671705 0.931748 0.118605 0.133933
3 0.673256 0.767095 0.124806 0.178920
2 0.681783 0.235476 0.124806 0.178920
2 0.325581 0.497172 0.124806 0.178920
2 0.087984 0.672494 0.124806 0.178920
2 0.094574 0.320308 0.124806 0.178920
1 0.023256 0.404113 0.046512 0.152185
0 0.022093 0.575578 0.044186 0.171208
1 0.022965 0.228792 0.045930 0.152185
1 0.023643 0.075835 0.047287 0.151671
5 0.987500 0.298072 0.023062 0.168380
3 0.917636 0.929692 0.122093 0.138046
3 0.441473 0.929949 0.127907 0.137532
