2 0.106761 0.824664 0.115159 0.162496
2 0.225754 0.918109 0.115159 0.161211
2 0.343196 0.826721 0.115159 0.162496
2 0.461413 0.908469 0.115159 0.162496
2 0.464126 0.731091 0.115159 0.162496
2 0.580792 0.643173 0.115159 0.162496
2 0.697459 0.729035 0.115159 0.162496
2 0.817227 0.821065 0.115159 0.162496
2 0.697459 0.900757 0.115159 0.162496
2 0.937382 0.729549 0.115159 0.162496
2 0.111413 0.643688 0.115159 0.162496
2 0.029070 0.921065 0.058140 0.155298
2 0.029167 0.725821 0.058333 0.158640
2 0.029070 0.552556 0.058140 0.158640
2 0.028876 0.389574 0.057752 0.158640
1 0.028779 0.181862 0.057558 0.158640
1 0.029457 0.046272 0.058915 0.092545
1 0.114513 0.283790 0.115159 0.162496
3 0.116839 0.458598 0.115159 0.162496
1 0.114901 0.090988 0.115159 0.162496
1 0.237769 0.189189 0.115159 0.162496
1 0.356761 0.278135 0.115159 0.162496
1 0.482730 0.187132 0.115159 0.162496
1 0.586219 0.281220 0.115159 0.162496
1 0.710637 0.177878 0.115159 0.162496
1 0.821878 0.278135 0.115159 0.162496
1 0.699785 0.365024 0.115159 0.162496
1 0.697847 0.546515 0.115159 0.162496
1 0.578079 0.450371 0.115159 0.162496
1 0.464513 0.550628 0.115159 0.162496
1 0.814513 0.633405 0.115159 0.162496
1 0.338932 0.639060 0.115159 0.162496
1 0.578079 0.814382 0.115159 0.162496
1 0.231180 0.549600 0.115159 0.162496
1 0.933118 0.369137 0.115159 0.162496
1 0.938932 0.199986 0.115159 0.162496
1 0.222265 0.730063 0.115159 0.162496
1 0.345134 0.459112 0.115159 0.162496
1 0.231568 0.043445 0.116710 0.086889
1 0.471490 0.043445 0.116710 0.086889
1 0.941742 0.043188 0.114578 0.086375
2 0.711025 0.048843 0.114384 0.097686
1 0.825366 0.095616 0.115159 0.162496
2 0.576529 0.950757 0.114384 0.095915
2 0.342033 0.951143 0.114384 0.095144
3 0.351335 0.092017 0.115159 0.162496
3 0.585056 0.084304 0.115159 0.162496
1 0.928854 0.906412 0.115159 0.162496
4 0.935444 0.551657 0.115159 0.162496
4 0.818002 0.460654 0.115159 0.162496
0 0.232343 0.366567 0.115159 0.162496
2 0.460637 0.368623 0.115159 0.162496
3 0.814535 0.956941 0.112791 0.083548
3 0.103295 0.957326 0.112791 0.082776
