4 0.610078 0.816452 0.139535 0.172751
4 0.705814 0.714139 0.139535 0.172751
4 0.835659 0.439075 0.139535 0.172751
4 0.836047 0.802571 0.139535 0.172751
4 0.720155 0.892545 0.139535 0.172751
1 0.825969 0.085861 0.139535 0.171722
1 0.717054 0.353213 0.139535 0.172751
2 0.838372 0.627763 0.139535 0.172751
2 0.716279 0.528535 0.139535 0.172751
2 0.466279 0.361440 0.139535 0.172751
2 0.590698 0.256041 0.139535 0.172751
3 0.236822 0.539332 0.139535 0.172751
3 0.226357 0.167609 0.139535 0.172751
3 0.332171 0.259640 0.139535 0.172751
2 0.350388 0.449357 0.139535 0.172751
2 0.474806 0.538303 0.139535 0.172751
2 0.362016 0.631362 0.139535 0.172751
2 0.353876 0.813882 0.139535 0.172751
2 0.472093 0.904627 0.139535 0.172751
2 0.473256 0.714139 0.139535 0.172751
2 0.829457 0.255013 0.139535 0.172751
3 0.706202 0.160411 0.139535 0.172751
3 0.124419 0.628792 0.139535 0.172751
2 0.136047 0.442674 0.139535 0.172751
2 0.111628 0.265296 0.139535 0.172751
2 0.235271 0.365553 0.139535 0.172751
2 0.586822 0.085861 0.139535 0.171722
1 0.124419 0.813368 0.139535 0.172751
1 0.238760 0.907455 0.139535 0.172751
1 0.227519 0.717738 0.139535 0.172751
1 0.455039 0.175321 0.139535 0.172751
1 0.339922 0.086375 0.139535 0.172751
2 0.124419 0.085604 0.139535 0.171208
3 0.591473 0.435990 0.139535 0.172751
2 0.594574 0.628278 0.139535 0.172751
2 0.947190 0.172494 0.103682 0.174293
4 0.945640 0.708740 0.106783 0.171208
0 0.947287 0.902057 0.103488 0.181491
4 0.840795 0.949743 0.135853 0.097943
1 0.034884 0.719923 0.069767 0.164267
4 0.592829 0.955913 0.137597 0.085604
3 0.030233 0.539846 0.060465 0.183033
3 0.030039 0.369666 0.060078 0.183033
3 0.029845 0.175835 0.059690 0.183033
2 0.946996 0.345758 0.104070 0.174293
2 0.947093 0.526221 0.103876 0.174293
1 0.035174 0.902442 0.070349 0.164267
1 0.117442 0.957841 0.140310 0.081748
1 0.227132 0.042031 0.140310 0.084062
3 0.465310 0.043188 0.140698 0.086375
3 0.360271 0.957326 0.140698 0.082776
1 0.706589 0.042288 0.140310 0.084576
2 0.947190 0.042416 0.103682 0.084833
