1 0.479845 0.345501 0.136434 0.185090
1 0.595736 0.249357 0.136434 0.185090
1 0.838760 0.437018 0.136434 0.185090
1 0.482558 0.526992 0.136434 0.185090
1 0.721705 0.704370 0.136434 0.185090
1 0.840698 0.789203 0.136434 0.185090
1 0.717054 0.878149 0.136434 0.185090
1 0.480233 0.884833 0.136434 0.185090
1 0.250388 0.878149 0.136434 0.185090
1 0.126744 0.259640 0.136434 0.185090
1 0.247287 0.176350 0.131783 0.169666
1 0.355620 0.076735 0.118992 0.153470
1 0.835271 0.084961 0.124806 0.169923
1 0.947965 0.158612 0.102132 0.181491
2 0.253101 0.526478 0.136434 0.185090
3 0.359690 0.251414 0.136434 0.185090
2 0.355039 0.433419 0.136434 0.185090
2 0.374031 0.614910 0.136434 0.185090
2 0.368992 0.811825 0.136434 0.185090
2 0.245349 0.710540 0.136434 0.185090
2 0.127132 0.617481 0.136434 0.185090
2 0.115116 0.442159 0.136434 0.185090
2 0.237209 0.334704 0.136434 0.185090
2 0.605814 0.432905 0.136434 0.185090
2 0.711628 0.531105 0.136434 0.185090
2 0.473256 0.708483 0.136434 0.185090
2 0.832558 0.620566 0.136434 0.185090
2 0.719767 0.345501 0.136434 0.185090
2 0.834884 0.255527 0.136434 0.185090
2 0.714341 0.143959 0.136434 0.185090
2 0.596124 0.074036 0.111628 0.148072
2 0.477132 0.161183 0.136434 0.185090
2 0.127132 0.797172 0.136434 0.185090
3 0.601938 0.620051 0.136434 0.185090
3 0.600000 0.804627 0.136434 0.185090
2 0.950388 0.343702 0.097287 0.167095
1 0.133915 0.947686 0.129845 0.102057
1 0.372481 0.949743 0.126357 0.097943
1 0.594380 0.951799 0.132946 0.093830
4 0.029845 0.334961 0.059690 0.183548
1 0.032171 0.716452 0.064341 0.173265
2 0.032171 0.533676 0.064341 0.180977
3 0.841860 0.939974 0.125581 0.117481
2 0.950678 0.531362 0.096705 0.167095
1 0.947965 0.716452 0.102132 0.181491
2 0.944864 0.888689 0.108333 0.167095
3 0.126938 0.076735 0.130620 0.153470
