1 0.357364 0.922365 0.119380 0.152699
1 0.356977 0.779692 0.119380 0.156298
1 0.474419 0.685604 0.119380 0.156298
1 0.474806 0.855784 0.119380 0.156298
1 0.591473 0.782262 0.119380 0.156298
1 0.594186 0.591517 0.119380 0.156298
1 0.475194 0.509769 0.119380 0.156298
1 0.357752 0.407455 0.119380 0.156298
1 0.364341 0.240360 0.119380 0.156298
1 0.483333 0.144216 0.119380 0.156298
1 0.598450 0.234190 0.119380 0.156298
1 0.714341 0.144216 0.119380 0.156298
1 0.598450 0.077506 0.119380 0.155013
1 0.827519 0.077635 0.119380 0.155270
1 0.940795 0.141388 0.116473 0.156298
1 0.940601 0.316710 0.116860 0.156298
1 0.940019 0.503342 0.118023 0.156298
1 0.834109 0.417481 0.119380 0.156298
1 0.826744 0.593830 0.119380 0.156298
1 0.716279 0.508997 0.119380 0.156298
1 0.712016 0.684319 0.119380 0.156298
1 0.817054 0.782519 0.119380 0.156298
1 0.936047 0.871465 0.119380 0.156298
1 0.248062 0.147044 0.119380 0.156298
1 0.240698 0.500257 0.119380 0.156298
1 0.250388 0.319794 0.119380 0.156298
1 0.129070 0.228792 0.119380 0.156298
1 0.136434 0.079434 0.119380 0.156298
1 0.035756 0.146401 0.071512 0.161697
1 0.035950 0.333033 0.071899 0.161697
1 0.036240 0.503213 0.072481 0.161697
1 0.120155 0.597429 0.119380 0.156298
1 0.122868 0.765553 0.119380 0.156298
1 0.587403 0.929692 0.118992 0.138046
1 0.590698 0.408226 0.119380 0.156298
3 0.115026 0.922939 0.119380 0.151552
2 0.232558 0.865810 0.119380 0.156298
2 0.243798 0.679177 0.119380 0.156298
2 0.123256 0.417481 0.119380 0.156298
2 0.028876 0.677378 0.057752 0.150643
2 0.028973 0.856812 0.057946 0.150643
4 0.364341 0.077635 0.119380 0.155270
4 0.470930 0.323393 0.119380 0.156298
4 0.710078 0.320823 0.119380 0.156298
4 0.832946 0.241131 0.119380 0.156298
4 0.704651 0.843188 0.119380 0.156298
4 0.932171 0.691517 0.119380 0.156298
4 0.823256 0.934319 0.116279 0.128792
0 0.358915 0.595630 0.119380 0.156298
0 0.480814 0.027506 0.114341 0.055013
0 0.943411 0.027506 0.111240 0.055013
3 0.714701 0.032478 0.114826 0.064956
1 0.247173 0.033694 0.117227 0.067389
1 0.036528 0.030183 0.073055 0.060365
3 0.233216 0.979411 0.114410 0.038606
3 0.474495 0.978264 0.117663 0.040902
1 0.700408 0.979411 0.117871 0.038606
1 0.941809 0.983428 0.114445 0.030573
