4 0.624010 0.160540 0.127444 0.174640
4 0.754824 0.255477 0.127444 0.174640
0 0.639135 0.338130 0.127444 0.174640
1 0.063680 0.600788 0.127359 0.174640
2 0.504318 0.424751 0.127444 0.174640
3 0.390567 0.342321 0.127444 0.174640
4 0.865584 0.155108 0.127444 0.174640
4 0.744628 0.438946 0.127444 0.174640
4 0.749010 0.799626 0.127444 0.174640
3 0.862593 0.345339 0.127444 0.174640
1 0.167025 0.703001 0.127444 0.174640
1 0.288317 0.611015 0.127444 0.174640
1 0.279007 0.784481 0.127444 0.174640
1 0.171743 0.881105 0.127444 0.174640
1 0.063195 0.434252 0.126390 0.174640
1 0.158346 0.333436 0.127444 0.174640
1 0.867353 0.520873 0.127444 0.174640
0 0.392842 0.703001 0.127444 0.174640
0 0.160242 0.518805 0.127444 0.174640
0 0.063638 0.785878 0.127275 0.174640
0 0.262576 0.086873 0.127444 0.173745
2 0.628771 0.529759 0.127444 0.174640
2 0.751116 0.613809 0.127444 0.174640
2 0.625948 0.695065 0.127444 0.174640
2 0.869418 0.903459 0.127444 0.174640
2 0.511480 0.611685 0.127444 0.174640
2 0.275720 0.417710 0.127444 0.174640
2 0.269569 0.251677 0.127444 0.174640
2 0.635217 0.883397 0.127444 0.174640
2 0.384711 0.172488 0.127444 0.174640
2 0.507057 0.236979 0.127444 0.174640
2 0.512492 0.086482 0.127444 0.172963
2 0.152111 0.160864 0.127444 0.174640
2 0.062921 0.260283 0.125843 0.174640
3 0.391789 0.524170 0.127444 0.174640
2 0.406324 0.885744 0.127444 0.174640
1 0.519317 0.787499 0.127444 0.174640
1 0.874431 0.713675 0.127444 0.174640
4 0.743575 0.086761 0.127444 0.173522
4 0.960368 0.088173 0.077326 0.176346
3 0.958430 0.435610 0.081202 0.174047
1 0.273542 0.943059 0.125378 0.111311
1 0.063464 0.941517 0.126928 0.114396
2 0.063575 0.087079 0.127149 0.174158
2 0.522558 0.942545 0.127286 0.112339
1 0.744951 0.945887 0.124010 0.105656
3 0.388423 0.043059 0.123930 0.086118
4 0.960465 0.258353 0.077132 0.176346
4 0.960078 0.613623 0.077907 0.176346
4 0.960078 0.799227 0.077907 0.176346
3 0.960368 0.939974 0.077326 0.117481
4 0.627625 0.041645 0.129247 0.083290
4 0.862121 0.041388 0.129247 0.082776
3 0.148500 0.043316 0.123930 0.086632
