5 0.213810 0.269923 0.139029 0.176037
5 0.342476 0.173745 0.139029 0.176037
5 0.455342 0.271767 0.139029 0.176037
5 0.447085 0.087515 0.139029 0.175031
5 0.207828 0.455628 0.139029 0.176037
5 0.078446 0.555046 0.139029 0.176037
5 0.088094 0.729909 0.139029 0.176037
5 0.069339 0.186954 0.138679 0.176037
5 0.217981 0.087851 0.139029 0.175701
5 0.807297 0.365597 0.139029 0.176037
3 0.576635 0.172795 0.139029 0.176037
4 0.069093 0.367218 0.138187 0.176037
4 0.333923 0.365597 0.139029 0.176037
3 0.692661 0.087348 0.139029 0.174695
3 0.574528 0.358891 0.139029 0.176037
4 0.565217 0.901196 0.139029 0.176037
2 0.803421 0.912233 0.139029 0.172963
2 0.684403 0.823181 0.139029 0.176037
2 0.691945 0.453169 0.139029 0.176037
2 0.448812 0.464569 0.139029 0.176037
2 0.217265 0.642226 0.139029 0.176037
2 0.219540 0.831061 0.139029 0.176037
2 0.089105 0.912205 0.139029 0.173019
2 0.332575 0.912988 0.139029 0.171454
3 0.338768 0.539343 0.139029 0.176037
3 0.333670 0.722589 0.139029 0.176037
3 0.813785 0.537946 0.139029 0.176037
1 0.927705 0.626188 0.139029 0.176037
1 0.925767 0.458757 0.139029 0.176037
1 0.929832 0.268973 0.138397 0.176037
1 0.581690 0.548620 0.139029 0.176037
1 0.572380 0.716497 0.139029 0.176037
1 0.451424 0.646865 0.139029 0.176037
2 0.806581 0.719794 0.139029 0.176037
1 0.694220 0.635017 0.139029 0.176037
3 0.453741 0.809210 0.139029 0.176037
2 0.801651 0.183749 0.139029 0.176037
0 0.692829 0.274114 0.139029 0.176037
0 0.924714 0.809433 0.139029 0.176037
2 0.925935 0.087627 0.139029 0.175254
2 0.934012 0.952314 0.130039 0.092802
2 0.692476 0.952828 0.133013 0.091774
5 0.072430 0.044941 0.143139 0.089882
5 0.339110 0.043977 0.143139 0.087954
